4.428613 50.858656
4.428967 50.858767
4.429321 50.858879
4.429675 50.858990
4.430033 50.859098
4.430396 50.859197
4.430760 50.859296
4.431113 50.859408
4.431466 50.859521
4.431819 50.859633
4.432173 50.859745
4.432527 50.859857
4.432881 50.859968
4.433235 50.860080
4.433589 50.860192
4.433943 50.860304
4.434296 50.860416
4.434650 50.860529
4.435003 50.860642
4.435356 50.860754
4.435709 50.860867
4.436063 50.860979
4.436416 50.861092
4.436769 50.861205
4.437122 50.861317
4.437476 50.861430
4.437830 50.861542
4.438186 50.861650
4.438543 50.861758
4.438900 50.861867
4.439256 50.861975
4.439613 50.862083
4.439970 50.862191
4.440322 50.862305
4.440674 50.862420
4.441025 50.862534
4.441380 50.862645
4.441742 50.862746
4.442104 50.862847
4.442466 50.862949
4.442827 50.863050
4.443189 50.863151
4.443555 50.863247
4.443921 50.863342
4.444287 50.863437
4.444653 50.863531
4.445019 50.863626
4.445386 50.863721
4.445752 50.863816
4.446120 50.863908
4.446490 50.863996
4.446860 50.864085
4.447230 50.864173
4.447601 50.864261
4.447971 50.864350
4.448341 50.864438
4.448711 50.864526
4.449082 50.864614
4.449452 50.864702
4.449822 50.864791
4.450192 50.864880
4.450562 50.864969
4.450932 50.865057
4.451303 50.865145
4.451673 50.865233
4.452043 50.865322
4.452413 50.865410
4.452784 50.865498
4.453154 50.865586
4.453524 50.865675
4.453895 50.865763
4.454265 50.865851
4.454635 50.865939
4.455005 50.866028
4.455376 50.866116
4.455746 50.866205
4.456116 50.866293
4.456486 50.866381
4.456856 50.866470
4.457226 50.866558
4.457600 50.866640
4.457974 50.866722
4.458349 50.866803
4.458723 50.866885
4.459097 50.866967
4.459471 50.867048
4.459845 50.867130
4.460220 50.867210
4.460599 50.867282
4.460978 50.867353
4.461358 50.867423
4.461738 50.867493
4.462118 50.867563
4.462498 50.867633
4.462878 50.867703
4.463258 50.867773
4.463640 50.867839
4.464022 50.867904
4.464404 50.867970
4.464788 50.868029
4.465173 50.868088
4.465558 50.868146
4.465943 50.868203
4.466330 50.868258
4.466716 50.868314
4.467102 50.868369
4.467490 50.868418
4.467878 50.868468
4.468266 50.868517
4.468654 50.868565
4.469043 50.868612
4.469431 50.868660
4.469820 50.868707
4.470209 50.868752
4.470600 50.868791
4.470992 50.868829
4.471383 50.868866
4.471775 50.868902
4.472168 50.868931
4.472561 50.868961
4.472954 50.868992
4.473346 50.869023
4.473740 50.869049
4.474134 50.869075
4.474528 50.869100
4.474921 50.869126
4.475315 50.869152
4.475709 50.869175
4.476104 50.869195
4.476498 50.869215
4.476893 50.869232
4.477288 50.869248
4.477683 50.869265
4.478078 50.869279
4.478474 50.869292
4.478869 50.869302
4.479265 50.869312
4.479661 50.869318
4.480056 50.869325
4.480452 50.869331
4.480847 50.869325
4.481242 50.869309
4.481638 50.869307
4.482034 50.869307
4.482430 50.869307
4.482826 50.869307
4.483221 50.869307
4.483617 50.869307
4.484013 50.869307
4.484409 50.869307
4.484805 50.869307
4.485201 50.869307
4.485596 50.869307
4.485992 50.869307
4.486388 50.869308
4.486784 50.869308
4.487180 50.869308
4.487576 50.869308
4.487971 50.869306
4.488367 50.869305
4.488763 50.869304
4.489159 50.869303
4.489555 50.869302
4.489951 50.869301
4.490346 50.869300
4.490742 50.869299
4.491138 50.869297
4.491534 50.869296
4.491930 50.869295
4.492326 50.869294
4.492721 50.869293
4.493117 50.869293
4.493513 50.869293
4.493909 50.869293
4.494305 50.869293
4.494701 50.869293
4.495097 50.869293
4.495492 50.869293
4.495888 50.869293
4.496284 50.869293
4.496680 50.869293
4.497076 50.869293
4.497472 50.869293
4.497867 50.869292
4.498263 50.869292
4.498659 50.869292
4.499055 50.869292
4.499451 50.869292
4.499847 50.869292
4.500242 50.869292
4.500638 50.869292
4.501034 50.869293
4.501430 50.869294
4.501826 50.869295
4.502222 50.869296
4.502617 50.869297
4.503013 50.869298
4.503409 50.869299
4.503805 50.869300
4.504201 50.869301
4.504597 50.869301
4.504992 50.869300
4.505388 50.869300
4.505784 50.869299
4.506180 50.869299
4.506576 50.869299
4.506972 50.869298
4.507368 50.869298
4.507763 50.869297
4.508159 50.869297
4.508555 50.869297
4.508951 50.869296
4.509347 50.869296
4.509743 50.869295
4.510138 50.869295
4.510534 50.869294
4.510930 50.869294
4.511326 50.869294
4.511722 50.869293
4.512118 50.869293
4.512513 50.869292
4.512909 50.869292
4.513305 50.869291
4.513701 50.869291
4.514097 50.869290
4.514493 50.869290
4.514888 50.869289
4.515284 50.869289
4.515680 50.869288
4.516076 50.869288
4.516472 50.869288
4.516868 50.869287
4.517264 50.869287
4.517659 50.869287
4.518055 50.869287
4.518451 50.869286
4.518847 50.869286
4.519243 50.869286
4.519639 50.869285
4.520034 50.869285
4.520430 50.869284
4.520826 50.869284
4.521222 50.869284
4.521618 50.869283
4.522014 50.869283
4.522409 50.869282
4.522805 50.869282
4.523201 50.869281
4.523597 50.869281
4.523993 50.869281
4.524389 50.869280
4.524784 50.869280
4.525180 50.869280
4.525576 50.869279
4.525972 50.869279
4.526368 50.869278
4.526764 50.869278
4.527159 50.869278
4.527555 50.869277
4.527951 50.869277
4.528347 50.869276
4.528743 50.869276
4.529139 50.869276
4.529535 50.869275
4.529930 50.869275
4.530326 50.869274
4.530722 50.869274
4.531118 50.869274
4.531514 50.869273
4.531910 50.869273
4.532305 50.869273
4.532701 50.869272
4.533097 50.869272
4.533493 50.869271
4.533889 50.869271
4.534285 50.869271
4.534680 50.869270
4.535076 50.869270
4.535472 50.869269
4.535868 50.869269
4.536264 50.869269
4.536660 50.869268
4.537055 50.869268
4.537451 50.869268
4.537847 50.869267
4.538243 50.869267
4.538639 50.869266
4.539035 50.869266
4.539430 50.869264
4.539826 50.869262
4.540222 50.869260
4.540618 50.869258
4.541014 50.869256
4.541410 50.869254
4.541805 50.869252
4.542201 50.869250
4.542597 50.869248
4.542993 50.869246
4.543389 50.869244
4.543785 50.869242
4.544180 50.869240
4.544576 50.869237
4.544972 50.869232
4.545368 50.869228
4.545764 50.869223
4.546159 50.869219
4.546555 50.869214
4.546951 50.869206
4.547346 50.869199
4.547742 50.869192
4.548138 50.869184
4.548533 50.869177
4.548929 50.869170
4.549325 50.869160
4.549720 50.869151
4.550116 50.869142
4.550511 50.869131
4.550906 50.869117
4.551302 50.869102
4.551697 50.869088
4.552092 50.869073
4.552487 50.869057
4.552882 50.869042
4.553277 50.869026
4.553672 50.869008
4.554067 50.868990
4.554461 50.868971
4.554856 50.868951
4.555250 50.868930
4.555645 50.868908
4.556039 50.868885
4.556433 50.868861
4.556827 50.868836
4.557220 50.868810
4.557614 50.868785
4.558008 50.868758
4.558401 50.868730
4.558794 50.868702
4.559188 50.868674
4.559581 50.868643
4.559973 50.868612
4.560366 50.868581
4.560758 50.868546
4.561150 50.868511
4.561542 50.868476
4.561934 50.868440
4.562325 50.868404
4.562716 50.868365
4.563107 50.868327
4.563499 50.868288
4.563890 50.868250
4.564281 50.868211
4.564670 50.868168
4.565060 50.868124
4.565450 50.868081
4.565839 50.868036
4.566229 50.867990
4.566618 50.867945
4.567007 50.867899
4.567395 50.867850
4.567783 50.867801
4.568171 50.867752
4.568559 50.867702
4.568947 50.867651
4.569334 50.867599
4.569721 50.867546
4.570107 50.867493
4.570494 50.867440
4.570880 50.867385
4.571267 50.867330
4.571653 50.867276
4.572039 50.867221
4.572425 50.867164
4.572810 50.867107
4.573195 50.867049
4.573580 50.866991
4.573965 50.866933
4.574349 50.866873
4.574734 50.866814
4.575118 50.866754
4.575502 50.866695
4.575886 50.866634
4.576270 50.866572
4.576653 50.866509
4.577036 50.866447
4.577420 50.866385
4.577803 50.866323
4.578187 50.866261
4.578570 50.866199
4.578953 50.866136
4.579336 50.866072
4.579719 50.866009
4.580101 50.865945
4.580484 50.865882
4.580867 50.865818
4.581250 50.865755
4.581633 50.865691
4.582015 50.865628
4.582398 50.865564
4.582781 50.865501
4.583164 50.865437
4.583547 50.865374
4.583929 50.865310
4.584312 50.865246
4.584695 50.865183
4.585077 50.865119
4.585460 50.865055
4.585843 50.864992
4.586226 50.864928
4.586608 50.864864
4.586991 50.864800
4.587374 50.864737
4.587756 50.864673
4.588139 50.864609
4.588522 50.864546
4.588905 50.864482
4.589287 50.864418
4.589670 50.864355
4.590053 50.864291
4.590435 50.864227
4.590818 50.864164
4.591201 50.864100
4.591584 50.864036
4.591966 50.863972
4.592349 50.863909
4.592732 50.863845
4.593115 50.863781
4.593497 50.863718
4.593880 50.863654
4.594263 50.863590
4.594645 50.863527
4.595028 50.863463
4.595411 50.863400
4.595794 50.863337
4.596177 50.863274
4.596560 50.863212
4.596943 50.863149
4.597327 50.863086
4.597710 50.863023
4.598093 50.862961
4.598476 50.862898
4.598859 50.862835
4.599242 50.862772
4.599625 50.862710
4.600008 50.862647
4.600391 50.862584
4.600774 50.862522
4.601158 50.862459
4.601541 50.862396
4.601924 50.862333
4.602307 50.862271
4.602690 50.862208
4.603073 50.862145
4.603456 50.862082
4.603839 50.862020
4.604222 50.861957
4.604605 50.861894
4.604989 50.861831
