4.428613 50.858656
4.428967 50.858767
4.429321 50.858879
4.429675 50.858990
4.430033 50.859098
4.430396 50.859197
4.430760 50.859296
4.431113 50.859408
4.431466 50.859521
4.431819 50.859633
4.432173 50.859745
4.432527 50.859857
4.432881 50.859968
4.433235 50.860080
4.433589 50.860192
4.433943 50.860304
4.434296 50.860416
4.434650 50.860529
4.435003 50.860642
4.435356 50.860754
4.435709 50.860867
4.436063 50.860979
4.436416 50.861092
4.436769 50.861205
4.437123 50.861317
4.437476 50.861430
4.437830 50.861542
4.438186 50.861650
4.438543 50.861758
4.438900 50.861867
4.439256 50.861975
4.439613 50.862083
4.439970 50.862191
4.440322 50.862305
4.440674 50.862420
4.441025 50.862534
4.441380 50.862645
4.441742 50.862746
4.442104 50.862847
4.442466 50.862949
4.442827 50.863050
4.443189 50.863151
4.443555 50.863247
4.443921 50.863342
4.444287 50.863437
4.444653 50.863531
4.445019 50.863626
4.445386 50.863721
4.445752 50.863816
4.446120 50.863908
4.446490 50.863996
4.446860 50.864085
4.447230 50.864173
4.447601 50.864261
4.447971 50.864350
4.448341 50.864438
4.448711 50.864526
4.449082 50.864614
4.449452 50.864702
4.449822 50.864791
4.450192 50.864880
4.450562 50.864969
4.450932 50.865057
4.451303 50.865145
4.451673 50.865233
4.452043 50.865322
4.452414 50.865410
4.452784 50.865498
4.453154 50.865586
4.453524 50.865675
4.453895 50.865763
4.454265 50.865851
4.454635 50.865939
4.455005 50.866028
4.455376 50.866116
4.455746 50.866205
4.456116 50.866293
4.456486 50.866382
4.456856 50.866470
4.457226 50.866558
4.457600 50.866640
4.457975 50.866722
4.458349 50.866803
4.458723 50.866885
4.459097 50.866967
4.459471 50.867048
4.459845 50.867130
4.460220 50.867210
4.460599 50.867282
4.460979 50.867353
4.461358 50.867423
4.461738 50.867493
4.462118 50.867563
4.462498 50.867633
4.462878 50.867703
4.463258 50.867773
4.463640 50.867839
4.464022 50.867904
4.464404 50.867970
4.464789 50.868029
4.465173 50.868088
4.465558 50.868146
4.465943 50.868203
4.466330 50.868258
4.466716 50.868314
4.467102 50.868369
4.467490 50.868418
4.467878 50.868468
4.468266 50.868517
4.468654 50.868565
4.469043 50.868612
4.469431 50.868660
4.469820 50.868707
4.470210 50.868752
4.470600 50.868791
4.470992 50.868829
4.471383 50.868866
4.471775 50.868902
4.472168 50.868931
4.472561 50.868961
4.472954 50.868992
4.473347 50.869023
4.473740 50.869049
4.474134 50.869075
4.474528 50.869101
4.474921 50.869126
4.475315 50.869152
4.475709 50.869175
4.476104 50.869195
4.476498 50.869215
4.476893 50.869232
4.477288 50.869248
4.477683 50.869265
4.478079 50.869279
4.478474 50.869292
4.478869 50.869302
4.479265 50.869312
4.479661 50.869318
4.480056 50.869325
4.480452 50.869331
4.480847 50.869325
4.481242 50.869309
4.481638 50.869307
4.482034 50.869307
4.482430 50.869307
4.482826 50.869307
4.483221 50.869307
4.483617 50.869307
4.484013 50.869307
4.484409 50.869307
4.484805 50.869307
4.485201 50.869307
4.485597 50.869307
4.485992 50.869307
4.486388 50.869308
4.486784 50.869308
4.487180 50.869308
4.487576 50.869308
4.487972 50.869306
4.488367 50.869305
4.488763 50.869304
4.489159 50.869303
4.489555 50.869302
4.489951 50.869301
4.490347 50.869300
4.490742 50.869299
4.491138 50.869297
4.491534 50.869296
4.491930 50.869295
4.492326 50.869294
4.492722 50.869293
4.493117 50.869293
4.493513 50.869293
4.493909 50.869293
4.494305 50.869293
4.494701 50.869293
4.495097 50.869293
4.495492 50.869293
4.495888 50.869293
4.496284 50.869293
4.496680 50.869293
4.497076 50.869293
4.497472 50.869293
4.497868 50.869292
4.498263 50.869292
4.498659 50.869292
4.499055 50.869292
4.499451 50.869292
4.499847 50.869292
4.500243 50.869292
4.500638 50.869292
4.501034 50.869293
4.501430 50.869294
4.501826 50.869295
4.502222 50.869296
4.502618 50.869297
4.503013 50.869298
4.503409 50.869299
4.503805 50.869300
4.504201 50.869301
4.504597 50.869301
4.504993 50.869300
4.505388 50.869300
4.505784 50.869299
4.506180 50.869299
4.506576 50.869299
4.506972 50.869298
4.507368 50.869298
4.507763 50.869297
4.508159 50.869297
4.508555 50.869297
4.508951 50.869296
4.509347 50.869296
4.509743 50.869295
4.510139 50.869295
4.510534 50.869294
4.510930 50.869294
4.511326 50.869294
4.511722 50.869293
4.512118 50.869293
4.512514 50.869292
4.512909 50.869292
4.513305 50.869291
4.513701 50.869291
4.514097 50.869290
4.514493 50.869290
4.514889 50.869289
4.515284 50.869289
4.515680 50.869288
4.516076 50.869288
4.516472 50.869288
4.516868 50.869287
4.517264 50.869287
4.517659 50.869287
4.518055 50.869287
4.518451 50.869286
4.518847 50.869286
4.519243 50.869286
4.519639 50.869285
4.520035 50.869285
4.520430 50.869284
4.520826 50.869284
4.521222 50.869284
4.521618 50.869283
4.522014 50.869283
4.522410 50.869282
4.522805 50.869282
4.523201 50.869281
4.523597 50.869281
4.523993 50.869281
4.524389 50.869280
4.524785 50.869280
4.525180 50.869280
4.525576 50.869279
4.525972 50.869279
4.526368 50.869278
4.526764 50.869278
4.527160 50.869278
4.527555 50.869277
4.527951 50.869277
4.528347 50.869276
4.528743 50.869276
4.529139 50.869276
4.529535 50.869275
4.529931 50.869275
4.530326 50.869274
4.530722 50.869274
4.531118 50.869274
4.531514 50.869273
4.531910 50.869273
4.532306 50.869273
4.532701 50.869272
4.533097 50.869272
4.533493 50.869271
4.533889 50.869271
4.534285 50.869271
4.534681 50.869270
4.535076 50.869270
4.535472 50.869269
4.535868 50.869269
4.536264 50.869269
4.536660 50.869268
4.537056 50.869268
4.537451 50.869268
4.537847 50.869267
4.538243 50.869267
4.538639 50.869266
4.539035 50.869266
4.539431 50.869264
4.539826 50.869262
4.540222 50.869260
4.540618 50.869258
4.541014 50.869256
4.541410 50.869254
4.541806 50.869252
4.542201 50.869250
4.542597 50.869248
4.542993 50.869246
4.543389 50.869244
4.543785 50.869242
4.544181 50.869240
4.544576 50.869237
4.544972 50.869232
4.545368 50.869228
4.545764 50.869223
4.546159 50.869219
4.546555 50.869214
4.546951 50.869206
4.547347 50.869199
4.547742 50.869192
4.548138 50.869184
4.548534 50.869177
4.548929 50.869170
4.549325 50.869160
4.549720 50.869151
4.550116 50.869142
4.550511 50.869131
4.550907 50.869117
4.551302 50.869102
4.551697 50.869088
4.552092 50.869073
4.552487 50.869057
4.552882 50.869042
4.553277 50.869026
4.553672 50.869008
4.554067 50.868990
4.554462 50.868971
4.554856 50.868951
4.555251 50.868930
4.555645 50.868908
4.556039 50.868885
4.556433 50.868861
4.556827 50.868836
4.557221 50.868810
4.557614 50.868785
4.558008 50.868758
4.558401 50.868730
4.558795 50.868702
4.559188 50.868674
4.559581 50.868643
4.559974 50.868612
4.560366 50.868581
4.560758 50.868546
4.561150 50.868511
4.561542 50.868476
4.561934 50.868440
4.562325 50.868404
4.562717 50.868365
4.563108 50.868327
4.563499 50.868288
4.563890 50.868250
4.564281 50.868211
4.564671 50.868168
4.565060 50.868124
4.565450 50.868081
4.565840 50.868036
4.566229 50.867990
4.566618 50.867945
4.567007 50.867899
4.567395 50.867850
4.567783 50.867801
4.568171 50.867752
4.568559 50.867702
4.568947 50.867651
4.569334 50.867599
4.569721 50.867546
4.570108 50.867493
4.570494 50.867440
4.570881 50.867385
4.571267 50.867330
4.571653 50.867276
4.572039 50.867221
4.572425 50.867164
4.572810 50.867107
4.573195 50.867049
4.573580 50.866991
4.573965 50.866933
4.574349 50.866873
4.574734 50.866814
4.575118 50.866754
4.575503 50.866695
4.575886 50.866634
4.576270 50.866572
4.576653 50.866509
4.577037 50.866447
4.577420 50.866385
4.577803 50.866323
4.578187 50.866261
4.578570 50.866199
4.578953 50.866136
4.579336 50.866072
4.579719 50.866009
4.580102 50.865945
4.580484 50.865882
4.580867 50.865818
4.581250 50.865755
4.581633 50.865691
4.582016 50.865628
4.582398 50.865564
4.582781 50.865501
4.583164 50.865437
4.583547 50.865374
4.583929 50.865310
4.584312 50.865246
4.584695 50.865183
4.585078 50.865119
4.585460 50.865055
4.585843 50.864992
4.586226 50.864928
4.586609 50.864864
4.586991 50.864800
4.587374 50.864737
4.587757 50.864673
4.588139 50.864609
4.588522 50.864546
4.588905 50.864482
4.589288 50.864418
4.589670 50.864355
4.590053 50.864291
4.590436 50.864227
4.590818 50.864164
4.591201 50.864100
4.591584 50.864036
4.591967 50.863972
4.592349 50.863909
4.592732 50.863845
4.593115 50.863781
4.593497 50.863718
4.593880 50.863654
4.594263 50.863590
4.594646 50.863527
4.595028 50.863463
4.595411 50.863400
4.595794 50.863337
4.596177 50.863274
4.596561 50.863212
4.596944 50.863149
4.597327 50.863086
4.597710 50.863023
4.598093 50.862961
4.598476 50.862898
4.598859 50.862835
4.599242 50.862772
4.599625 50.862710
4.600008 50.862647
4.600392 50.862584
4.600775 50.862521
4.601158 50.862459
4.601541 50.862396
4.601924 50.862333
4.602307 50.862271
4.602690 50.862208
4.603073 50.862145
4.603456 50.862082
4.603839 50.862020
4.604223 50.861957
4.604606 50.861894
4.604989 50.861831
4.605375 50.861776
4.605761 50.861721
4.606147 50.861666
4.606533 50.861611
4.606919 50.861556
4.607305 50.861501
4.607691 50.861447
4.608078 50.861394
4.608465 50.861340
4.608851 50.861287
4.609238 50.861234
4.609625 50.861181
4.610011 50.861127
4.610398 50.861074
4.610785 50.861021
4.611171 50.860968
4.611558 50.860915
4.611945 50.860861
4.612332 50.860808
4.612718 50.860756
4.613105 50.860703
4.613493 50.860651
4.613880 50.860599
4.614267 50.860547
4.614654 50.860495
4.615041 50.860443
4.615428 50.860391
4.615815 50.860339
4.616202 50.860287
4.616589 50.860236
4.616977 50.860185
4.617364 50.860134
4.617752 50.860083
4.618139 50.860032
4.618527 50.859981
4.618914 50.859929
4.619300 50.859875
4.619687 50.859822
4.620074 50.859769
4.620460 50.859716
4.620847 50.859663
4.621234 50.859611
4.621621 50.859559
4.622008 50.859507
4.622396 50.859455
4.622783 50.859403
4.623170 50.859351
4.623557 50.859299
4.623944 50.859247
4.624331 50.859195
4.624718 50.859143
4.625105 50.859091
4.625492 50.859039
4.625879 50.858987
4.626266 50.858935
4.626653 50.858883
4.627040 50.858831
4.627427 50.858779
4.627815 50.858727
4.628202 50.858675
4.628590 50.858629
4.628979 50.858584
4.629366 50.858531
4.629753 50.858479
4.630140 50.858426
4.630527 50.858374
4.630914 50.858322
4.631301 50.858269
4.631688 50.858217
4.632075 50.858164
4.632462 50.858112
4.632849 50.858060
4.633236 50.858007
4.633622 50.857955
4.634009 50.857901
4.634395 50.857847
4.634782 50.857793
4.635168 50.857739
4.635555 50.857685
4.635941 50.857631
4.636327 50.857577
4.636714 50.857523
4.637100 50.857469
4.637486 50.857414
4.637873 50.857360
4.638259 50.857306
4.638645 50.857252
4.639032 50.857198
4.639418 50.857144
4.639804 50.857090
4.640191 50.857036
4.640576 50.856980
4.640961 50.856921
4.641346 50.856862
4.641730 50.856803
4.642115 50.856744
4.642497 50.856679
4.642879 50.856614
4.643261 50.856549
4.643643 50.856484
4.644025 50.856419
4.644406 50.856351
4.644785 50.856280
4.645165 50.856209
4.645544 50.856137
4.645922 50.856064
4.646301 50.855992
4.646677 50.855914
4.647051 50.855833
4.647425 50.855752
4.647799 50.855670
4.648173 50.855588
4.648546 50.855504
4.648918 50.855419
4.649291 50.855335
4.649662 50.855249
4.650031 50.855159
4.650400 50.855069
4.650770 50.854979
4.651139 50.854889
4.651508 50.854799
4.651877 50.854709
4.652246 50.854619
4.652614 50.854527
4.652981 50.854434
4.653349 50.854341
4.653716 50.854248
4.654083 50.854156
4.654451 50.854063
4.654818 50.853970
4.655186 50.853877
4.655553 50.853784
4.655920 50.853691
4.656288 50.853598
4.656655 50.853505
4.657022 50.853413
4.657390 50.853320
4.657757 50.853227
4.658124 50.853134
4.658492 50.853041
4.658859 50.852948
4.659226 50.852855
4.659594 50.852762
4.659961 50.852669
4.660328 50.852576
4.660695 50.852484
4.661063 50.852391
4.661430 50.852298
4.661797 50.852205
4.662165 50.852112
4.662532 50.852019
4.662899 50.851926
4.663266 50.851833
4.663634 50.851740
4.664001 50.851647
4.664368 50.851553
4.664735 50.851460
4.665102 50.851367
4.665470 50.851274
4.665837 50.851181
4.666204 50.851088
4.666571 50.850995
4.666938 50.850902
4.667306 50.850809
4.667673 50.850716
4.668040 50.850623
4.668407 50.850530
4.668774 50.850437
4.669141 50.850344
4.669509 50.850250
4.669876 50.850157
4.670243 50.850064
4.670610 50.849971
4.670977 50.849878
4.671345 50.849785
4.671712 50.849692
4.672079 50.849600
4.672447 50.849507
4.672814 50.849414
4.673182 50.849322
4.673549 50.849229
4.673916 50.849135
4.674284 50.849043
4.674652 50.848951
4.675019 50.848859
4.675387 50.848767
4.675755 50.848675
4.676124 50.848585
4.676494 50.848497
4.676864 50.848408
4.677234 50.848320
4.677606 50.848235
4.677979 50.848151
4.678352 50.848067
4.678725 50.847984
4.679098 50.847900
4.679471 50.847817
4.679849 50.847743
