4.699921 50.885237
4.699922 50.885248
4.699922 50.885260
4.699923 50.885272
4.699920 50.885279
4.699917 50.885286
4.699916 50.885297
4.699915 50.885307
4.699915 50.885318
4.699916 50.885331
4.699919 50.885343
4.699922 50.885354
4.699923 50.885366
4.699920 50.885378
4.699918 50.885390
4.699921 50.885403
4.699924 50.885416
4.699926 50.885428
4.699926 50.885440
4.699923 50.885451
4.699918 50.885462
4.699916 50.885474
4.699913 50.885486
4.699911 50.885497
4.699910 50.885508
4.699910 50.885520
4.699909 50.885530
4.699908 50.885541
4.699906 50.885555
4.699902 50.885565
4.699897 50.885575
4.699898 50.885588
4.699899 50.885601
4.699898 50.885610
4.699897 50.885618
4.699896 50.885627
4.699895 50.885636
4.699895 50.885644
4.699895 50.885652
4.699893 50.885657
4.699891 50.885663
4.699894 50.885670
4.699898 50.885677
4.699898 50.885686
4.699898 50.885695
4.699901 50.885702
4.699904 50.885709
4.699907 50.885718
4.699910 50.885728
4.699914 50.885735
4.699919 50.885743
4.699921 50.885754
4.699923 50.885760
4.699925 50.885766
4.699923 50.885769
4.699921 50.885771
4.699919 50.885774
4.699917 50.885776
4.699915 50.885779
4.699913 50.885779
4.699912 50.885779
4.699911 50.885780
4.699910 50.885780
4.699909 50.885781
4.699908 50.885781
4.699906 50.885782
4.699905 50.885782
4.699904 50.885782
4.699903 50.885783
4.699902 50.885783
4.699900 50.885784
4.699899 50.885784
4.699893 50.885783
4.699888 50.885783
4.699882 50.885782
4.699883 50.885783
4.699883 50.885784
4.699884 50.885785
4.699885 50.885786
4.699886 50.885786
4.699886 50.885787
4.699887 50.885788
4.699888 50.885789
4.699889 50.885790
4.699889 50.885791
4.699890 50.885792
4.699891 50.885793
4.699891 50.885794
4.699892 50.885795
4.699893 50.885796
4.699892 50.885796
4.699892 50.885796
4.699891 50.885797
4.699890 50.885797
4.699890 50.885797
4.699889 50.885798
4.699888 50.885798
4.699888 50.885798
4.699887 50.885799
4.699886 50.885799
4.699886 50.885799
4.699885 50.885800
4.699885 50.885800
4.699884 50.885800
4.699883 50.885801
4.699883 50.885801
4.699882 50.885801
4.699881 50.885802
4.699881 50.885802
4.699880 50.885802
4.699879 50.885803
4.699879 50.885803
4.699881 50.885804
4.699883 50.885805
4.699886 50.885806
4.699888 50.885806
4.699890 50.885807
4.699893 50.885808
4.699895 50.885809
4.699897 50.885810
4.699900 50.885808
4.699902 50.885807
4.699905 50.885805
4.699908 50.885804
4.699910 50.885802
4.699911 50.885801
4.699911 50.885800
4.699912 50.885799
4.699913 50.885799
4.699913 50.885798
4.699914 50.885797
4.699914 50.885796
4.699915 50.885795
4.699915 50.885794
4.699916 50.885794
4.699916 50.885793
4.699917 50.885792
4.699917 50.885791
4.699911 50.885792
4.699904 50.885793
4.699897 50.885793
4.699890 50.885794
4.699884 50.885795
4.699877 50.885796
4.699870 50.885796
4.699863 50.885797
4.699862 50.885797
4.699861 50.885797
4.699860 50.885796
4.699859 50.885796
4.699858 50.885796
4.699857 50.885795
4.699856 50.885795
4.699854 50.885795
4.699853 50.885794
4.699852 50.885794
4.699851 50.885794
4.699850 50.885793
4.699849 50.885793
4.699848 50.885793
4.699848 50.885792
4.699849 50.885792
4.699849 50.885792
4.699850 50.885791
4.699851 50.885791
4.699851 50.885791
4.699852 50.885790
4.699852 50.885790
4.699853 50.885790
4.699853 50.885789
4.699854 50.885789
4.699855 50.885789
4.699855 50.885788
4.699856 50.885788
4.699856 50.885788
4.699857 50.885787
4.699858 50.885787
4.699858 50.885787
4.699859 50.885786
4.699859 50.885786
4.699860 50.885786
4.699860 50.885786
4.699861 50.885785
4.699862 50.885785
4.699862 50.885785
4.699862 50.885785
4.699862 50.885784
4.699862 50.885784
4.699862 50.885784
4.699862 50.885784
4.699862 50.885784
4.699862 50.885784
4.699862 50.885783
4.699862 50.885783
4.699862 50.885783
4.699862 50.885783
4.699862 50.885783
4.699862 50.885783
4.699862 50.885782
4.699861 50.885782
4.699861 50.885782
4.699861 50.885782
4.699861 50.885782
4.699861 50.885782
4.699861 50.885781
4.699861 50.885781
4.699861 50.885781
4.699861 50.885781
4.699861 50.885781
4.699861 50.885781
4.699861 50.885780
4.699861 50.885780
4.699861 50.885780
4.699861 50.885780
4.699861 50.885780
4.699861 50.885780
4.699861 50.885779
4.699861 50.885779
4.699861 50.885779
4.699861 50.885779
4.699861 50.885779
4.699861 50.885779
4.699861 50.885778
4.699861 50.885778
4.699861 50.885778
4.699861 50.885778
4.699861 50.885778
4.699861 50.885778
4.699861 50.885778
4.699861 50.885777
4.699861 50.885777
4.699861 50.885777
4.699861 50.885777
4.699861 50.885777
4.699861 50.885777
4.699861 50.885776
4.699861 50.885776
4.699861 50.885776
4.699861 50.885776
4.699861 50.885776
4.699861 50.885776
4.699861 50.885775
4.699861 50.885775
4.699861 50.885775
4.699861 50.885775
4.699861 50.885775
4.699861 50.885775
4.699861 50.885774
4.699861 50.885774
4.699861 50.885774
4.699861 50.885774
4.699861 50.885774
4.699861 50.885774
4.699861 50.885773
4.699861 50.885773
4.699861 50.885773
4.699861 50.885773
4.699861 50.885773
4.699859 50.885772
4.699857 50.885771
4.699856 50.885770
4.699854 50.885769
4.699852 50.885769
4.699850 50.885768
4.699848 50.885767
4.699847 50.885766
4.699847 50.885766
4.699846 50.885766
4.699846 50.885767
4.699846 50.885767
4.699846 50.885767
4.699846 50.885767
4.699846 50.885767
4.699846 50.885767
4.699846 50.885767
4.699846 50.885767
4.699846 50.885768
4.699846 50.885768
4.699846 50.885768
4.699846 50.885768
4.699846 50.885768
4.699846 50.885768
4.699846 50.885768
4.699846 50.885768
4.699846 50.885769
4.699846 50.885769
4.699846 50.885769
4.699846 50.885769
4.699846 50.885769
4.699846 50.885769
4.699846 50.885769
4.699846 50.885769
4.699846 50.885770
4.699846 50.885770
4.699846 50.885770
4.699846 50.885770
4.699846 50.885770
4.699846 50.885770
4.699846 50.885770
4.699846 50.885770
4.699846 50.885771
4.699846 50.885771
4.699846 50.885771
4.699846 50.885771
4.699846 50.885771
4.699846 50.885771
4.699846 50.885771
4.699846 50.885772
4.699846 50.885772
4.699846 50.885772
4.699846 50.885772
4.699846 50.885772
4.699846 50.885772
4.699846 50.885772
4.699846 50.885772
4.699846 50.885773
4.699846 50.885773
4.699846 50.885773
4.699846 50.885773
4.699846 50.885773
4.699846 50.885773
4.699846 50.885773
4.699846 50.885773
4.699846 50.885774
4.699846 50.885774
4.699846 50.885774
4.699846 50.885774
4.699846 50.885774
4.699846 50.885774
4.699846 50.885774
4.699846 50.885774
4.699846 50.885775
4.699846 50.885775
4.699846 50.885775
4.699846 50.885775
4.699846 50.885775
4.699846 50.885775
4.699846 50.885775
4.699846 50.885776
4.699846 50.885776
4.699846 50.885776
4.699846 50.885776
4.699845 50.885776
4.699845 50.885776
4.699845 50.885776
4.699845 50.885776
4.699845 50.885777
4.699845 50.885777
4.699845 50.885777
4.699845 50.885777
4.699845 50.885777
4.699845 50.885777
4.699845 50.885777
4.699845 50.885777
4.699845 50.885778
4.699845 50.885778
4.699845 50.885778
4.699845 50.885778
4.699845 50.885778
4.699845 50.885778
4.699845 50.885778
4.699845 50.885778
4.699845 50.885779
4.699845 50.885779
4.699845 50.885779
4.699845 50.885779
4.699845 50.885779
4.699843 50.885778
4.699841 50.885777
4.699839 50.885776
4.699837 50.885775
4.699835 50.885773
4.699833 50.885772
4.699831 50.885771
4.699829 50.885770
4.699827 50.885769
4.699825 50.885768
4.699821 50.885766
4.699817 50.885765
4.699813 50.885764
4.699809 50.885762
4.699810 50.885763
4.699810 50.885763
4.699810 50.885763
4.699810 50.885763
4.699810 50.885763
4.699810 50.885763
4.699810 50.885764
4.699810 50.885764
4.699810 50.885764
4.699810 50.885764
4.699810 50.885764
4.699810 50.885764
4.699810 50.885765
4.699810 50.885765
4.699810 50.885765
4.699810 50.885765
4.699810 50.885765
4.699810 50.885766
4.699810 50.885766
4.699811 50.885766
4.699811 50.885766
4.699811 50.885766
4.699811 50.885766
4.699811 50.885767
4.699811 50.885767
4.699811 50.885767
4.699811 50.885767
4.699811 50.885767
4.699811 50.885767
4.699811 50.885768
4.699811 50.885768
4.699811 50.885768
4.699811 50.885768
4.699811 50.885768
4.699811 50.885768
4.699811 50.885769
4.699811 50.885769
4.699811 50.885769
4.699811 50.885769
4.699812 50.885769
4.699812 50.885769
4.699812 50.885770
4.699812 50.885770
4.699812 50.885770
4.699812 50.885770
4.699812 50.885770
4.699812 50.885770
4.699812 50.885771
4.699812 50.885771
4.699812 50.885771
4.699812 50.885771
4.699812 50.885771
4.699812 50.885771
4.699812 50.885772
4.699812 50.885772
4.699812 50.885772
4.699812 50.885772
4.699812 50.885772
4.699813 50.885773
4.699813 50.885773
4.699813 50.885773
4.699813 50.885773
4.699813 50.885773
4.699813 50.885773
4.699813 50.885774
4.699813 50.885774
4.699813 50.885774
4.699813 50.885774
4.699813 50.885774
4.699813 50.885774
4.699813 50.885775
4.699813 50.885775
4.699813 50.885775
4.699813 50.885775
4.699813 50.885775
4.699813 50.885775
4.699813 50.885776
4.699814 50.885776
4.699814 50.885776
4.699813 50.885777
4.699812 50.885779
4.699812 50.885780
4.699811 50.885782
4.699811 50.885783
4.699810 50.885784
4.699810 50.885786
4.699809 50.885787
4.699808 50.885787
4.699807 50.885786
4.699805 50.885785
4.699804 50.885785
4.699803 50.885784
4.699802 50.885783
4.699801 50.885783
4.699800 50.885782
4.699798 50.885781
4.699797 50.885781
4.699796 50.885780
4.699795 50.885779
4.699792 50.885778
4.699788 50.885778
4.699785 50.885777
4.699782 50.885776
4.699778 50.885775
4.699775 50.885775
4.699771 50.885776
4.699768 50.885776
4.699764 50.885776
4.699761 50.885777
4.699754 50.885774
4.699748 50.885772
4.699741 50.885769
4.699736 50.885764
4.699732 50.885759
4.699729 50.885755
4.699726 50.885751
4.699722 50.885748
4.699723 50.885749
4.699724 50.885751
4.699725 50.885753
4.699726 50.885754
4.699727 50.885756
4.699728 50.885757
4.699730 50.885759
4.699731 50.885761
4.699732 50.885762
4.699733 50.885764
4.699734 50.885766
4.699735 50.885767
4.699736 50.885769
4.699737 50.885771
4.699738 50.885772
4.699739 50.885774
4.699740 50.885775
4.699741 50.885777
4.699742 50.885779
4.699743 50.885780
4.699744 50.885783
4.699745 50.885786
4.699746 50.885788
4.699747 50.885791
4.699749 50.885792
4.699751 50.885793
4.699753 50.885793
4.699755 50.885794
4.699757 50.885795
4.699759 50.885796
4.699761 50.885797
4.699763 50.885797
4.699764 50.885799
4.699765 50.885800
4.699766 50.885802
4.699767 50.885803
4.699769 50.885804
4.699770 50.885806
4.699771 50.885807
4.699771 50.885807
4.699771 50.885806
4.699772 50.885805
4.699772 50.885805
4.699772 50.885804
4.699772 50.885804
4.699772 50.885803
4.699772 50.885802
4.699773 50.885802
4.699773 50.885801
4.699773 50.885800
4.699773 50.885800
4.699773 50.885799
4.699773 50.885799
4.699774 50.885798
4.699774 50.885797
4.699774 50.885797
4.699774 50.885796
4.699774 50.885795
4.699774 50.885795
4.699775 50.885794
4.699775 50.885794
4.699775 50.885793
4.699775 50.885792
4.699775 50.885792
4.699776 50.885791
4.699776 50.885790
4.699776 50.885790
4.699776 50.885789
4.699776 50.885789
4.699776 50.885788
4.699777 50.885787
4.699777 50.885787
4.699777 50.885786
4.699779 50.885789
4.699780 50.885791
4.699782 50.885794
4.699784 50.885797
4.699786 50.885797
4.699788 50.885797
4.699789 50.885798
4.699791 50.885798
4.699793 50.885798
4.699795 50.885799
4.699797 50.885799
4.699799 50.885799
4.699801 50.885799
4.699803 50.885800
4.699812 50.885803
4.699820 50.885807
4.699825 50.885812
4.699829 50.885817
4.699841 50.885826
4.699851 50.885831
4.699862 50.885835
4.699867 50.885840
4.699873 50.885846
4.699878 50.885851
4.699888 50.885863
4.699894 50.885869
4.699899 50.885876
4.699905 50.885882
4.699913 50.885895
4.699935 50.885905
4.699953 50.885917
4.699968 50.885929
4.699977 50.885934
4.699986 50.885940
4.699987 50.885947
4.699988 50.885954
4.699986 50.885966
4.699989 50.885977
4.699992 50.885988
4.699996 50.885999
4.699996 50.886011
4.699992 50.886028
4.699994 50.886043
4.699996 50.886056
4.699997 50.886068
4.699998 50.886079
4.699998 50.886094
4.699997 50.886109
4.699997 50.886120
4.699993 50.886131
4.699990 50.886146
4.699987 50.886157
4.699983 50.886170
4.699982 50.886178
4.699981 50.886185
4.699980 50.886196
4.699976 50.886206
4.699973 50.886216
4.699972 50.886224
4.699971 50.886232
4.699962 50.886233
4.699954 50.886233
4.699945 50.886233
4.699943 50.886235
4.699941 50.886237
4.699939 50.886239
4.699937 50.886241
4.699935 50.886243
4.699933 50.886245
4.699935 50.886249
4.699936 50.886253
4.699937 50.886258
4.699936 50.886260
4.699935 50.886263
4.699935 50.886265
4.699934 50.886268
4.699933 50.886270
4.699935 50.886269
4.699937 50.886267
4.699939 50.886266
4.699941 50.886265
4.699943 50.886263
4.699945 50.886262
4.699947 50.886260
4.699949 50.886259
4.699951 50.886258
4.699953 50.886256
4.699955 50.886255
4.699954 50.886262
4.699954 50.886269
4.699950 50.886276
4.699947 50.886284
4.699953 50.886294
4.699958 50.886305
4.699966 50.886316
4.699974 50.886327
4.699981 50.886337
4.699988 50.886346
4.700002 50.886369
4.700008 50.886388
4.700005 50.886402
4.700000 50.886410
4.699994 50.886418
4.700002 50.886428
4.700011 50.886437
4.700023 50.886450
4.700033 50.886463
4.700037 50.886472
4.700041 50.886481
4.700043 50.886493
4.700045 50.886505
4.700051 50.886519
4.700057 50.886533
4.700063 50.886546
4.700063 50.886555
4.700063 50.886564
4.700066 50.886574
4.700068 50.886583
4.700072 50.886595
4.700074 50.886603
4.700076 50.886612
4.700079 50.886621
4.700083 50.886631
4.700090 50.886642
4.700101 50.886651
4.700106 50.886660
4.700112 50.886668
4.700119 50.886678
4.700127 50.886687
4.700124 50.886704
4.700120 50.886720
4.700113 50.886735
4.700107 50.886749
4.700104 50.886761
4.700103 50.886773
4.700101 50.886788
4.700105 50.886804
4.700108 50.886817
4.700106 50.886829
4.700107 50.886837
4.700108 50.886846
4.700107 50.886847
4.700106 50.886849
4.700104 50.886851
4.700103 50.886853
4.700102 50.886855
4.700101 50.886857
4.700101 50.886861
4.700102 50.886866
4.700103 50.886870
4.700104 50.886871
4.700106 50.886873
4.700107 50.886874
4.700109 50.886876
4.700110 50.886877
4.700112 50.886879
4.700113 50.886880
4.700117 50.886889
4.700120 50.886897
4.700123 50.886908
4.700124 50.886914
4.700124 50.886920
4.700128 50.886926
4.700132 50.886933
4.700131 50.886933
4.700131 50.886933
4.700130 50.886933
4.700130 50.886933
4.700129 50.886933
4.700128 50.886933
4.700128 50.886933
4.700127 50.886933
4.700127 50.886933
4.700126 50.886933
4.700125 50.886933
4.700125 50.886933
4.700124 50.886933
4.700124 50.886933
4.700123 50.886933
4.700122 50.886933
4.700122 50.886933
4.700121 50.886933
4.700121 50.886933
4.700120 50.886933
4.700119 50.886933
4.700119 50.886934
4.700118 50.886934
4.700118 50.886934
4.700117 50.886934
4.700116 50.886934
4.700116 50.886934
4.700115 50.886934
4.700115 50.886934
4.700114 50.886934
4.700113 50.886934
4.700116 50.886933
4.700119 50.886932
4.700122 50.886932
4.700125 50.886931
4.700128 50.886930
4.700131 50.886929
4.700134 50.886929
4.700137 50.886928
4.700140 50.886927
4.700143 50.886926
4.700146 50.886926
4.700149 50.886925
4.700152 50.886924
4.700155 50.886923
4.700158 50.886923
4.700162 50.886922
4.700165 50.886921
4.700168 50.886920
4.700171 50.886920
4.700174 50.886919
4.700177 50.886918
4.700180 50.886917
4.700183 50.886917
4.700187 50.886920
4.700192 50.886923
4.700197 50.886926
4.700196 50.886930
4.700194 50.886934
4.700193 50.886938
4.700185 50.886942
4.700176 50.886947
4.700169 50.886946
4.700162 50.886946
4.700155 50.886945
4.700153 50.886946
4.700151 50.886946
4.700149 50.886946
4.700147 50.886946
4.700145 50.886946
4.700143 50.886946
4.700141 50.886946
4.700139 50.886946
4.700137 50.886946
4.700135 50.886944
4.700133 50.886942
4.700131 50.886940
4.700129 50.886938
4.700128 50.886935
4.700126 50.886933
4.700124 50.886931
4.700122 50.886929
4.700121 50.886927
4.700119 50.886925
4.700117 50.886923
4.700115 50.886920
4.700113 50.886918
4.700112 50.886916
4.700110 50.886914
4.700108 50.886912
4.700106 50.886910
4.700105 50.886908
4.700101 50.886907
4.700097 50.886906
4.700093 50.886906
4.700089 50.886905
4.700086 50.886905
4.700082 50.886905
4.700078 50.886906
4.700074 50.886906
4.700070 50.886906
4.700066 50.886907
4.700066 50.886909
4.700067 50.886911
4.700067 50.886913
4.700068 50.886914
4.700068 50.886916
4.700069 50.886918
4.700070 50.886906
4.700072 50.886895
4.700073 50.886883
4.700075 50.886871
4.700076 50.886859
4.700078 50.886848
4.700079 50.886836
4.700081 50.886824
4.700082 50.886812
4.700084 50.886801
4.700085 50.886789
4.700087 50.886777
4.700088 50.886765
4.700090 50.886754
4.700092 50.886742
4.700083 50.886694
4.700075 50.886641
4.700066 50.886588
4.700057 50.886535
4.700049 50.886482
4.700040 50.886429
4.700031 50.886377
4.700021 50.886323
4.700014 50.886265
4.700006 50.886210
4.699996 50.886153
4.699986 50.886095
4.699976 50.886038
4.699965 50.885980
4.699951 50.885917
4.699937 50.885854
4.699925 50.885791
4.699913 50.885728
4.699901 50.885664
4.699889 50.885601
4.699878 50.885538
4.699867 50.885474
4.699858 50.885412
4.699853 50.885350
4.699849 50.885292
4.699847 50.885236
4.699848 50.885176
4.699852 50.885118
4.699857 50.885059
4.699855 50.884995
4.699847 50.884937
4.699836 50.884879
4.699826 50.884823
4.699815 50.884762
4.699803 50.884708
4.699792 50.884656
4.699781 50.884610
4.699769 50.884561
4.699757 50.884519
4.699744 50.884482
4.699730 50.884448
4.699727 50.884416
4.699738 50.884386
4.699773 50.884354
4.699839 50.884329
4.699913 50.884320
4.700007 50.884317
4.700114 50.884316
4.700218 50.884314
4.700318 50.884314
4.700428 50.884313
4.700527 50.884313
4.700622 50.884314
4.700706 50.884314
4.700769 50.884315
4.700816 50.884314
4.700849 50.884312
4.700874 50.884312
4.700889 50.884311
4.700904 50.884310
4.700901 50.884312
4.700898 50.884314
4.700896 50.884316
4.700893 50.884318
4.700890 50.884319
4.700885 50.884327
4.700880 50.884334
4.700886 50.884339
4.700893 50.884344
4.700919 50.884357
4.700951 50.884384
4.700971 50.884413
4.700979 50.884443
4.700972 50.884481
4.700960 50.884524
4.700950 50.884561
4.700937 50.884592
4.700925 50.884611
4.700910 50.884626
4.700900 50.884633
4.700890 50.884641
4.700891 50.884656
4.700891 50.884671
4.700891 50.884704
4.700896 50.884747
4.700902 50.884800
4.700906 50.884860
4.700910 50.884921
4.700914 50.884992
4.700916 50.885054
4.700917 50.885121
4.700916 50.885186
4.700917 50.885252
4.700918 50.885314
4.700917 50.885380
4.700916 50.885434
4.700915 50.885494
4.700917 50.885551
4.700920 50.885611
4.700924 50.885681
4.700928 50.885743
4.700936 50.885809
4.700952 50.885876
4.700986 50.885941
4.701037 50.886002
4.701089 50.886062
4.701145 50.886118
4.701198 50.886177
4.701246 50.886232
4.701295 50.886282
4.701350 50.886335
4.701393 50.886374
4.701445 50.886418
4.701495 50.886460
4.701545 50.886501
4.701594 50.886542
4.701639 50.886579
4.701679 50.886615
4.701713 50.886651
4.701740 50.886680
4.701764 50.886706
4.701790 50.886728
4.701816 50.886748
4.701841 50.886769
4.701862 50.886787
4.701885 50.886794
4.701903 50.886805
4.701918 50.886816
4.701927 50.886821
4.701935 50.886827
4.701940 50.886833
4.701944 50.886838
4.701937 50.886833
4.701931 50.886827
4.701924 50.886822
4.701918 50.886817
4.701911 50.886812
4.701905 50.886807
4.701898 50.886801
4.701892 50.886796
4.701885 50.886791
4.701879 50.886786
4.701872 50.886781
4.701866 50.886775
4.701862 50.886767
4.701857 50.886758
4.701854 50.886751
4.701851 50.886745
4.701847 50.886737
4.701843 50.886730
4.701841 50.886723
4.701839 50.886715
4.701846 50.886712
4.701853 50.886708
4.701865 50.886706
4.701878 50.886703
4.701886 50.886701
4.701895 50.886699
4.701902 50.886699
4.701909 50.886698
4.701916 50.886698
4.701923 50.886697
4.701956 50.886709
4.702005 50.886741
4.702068 50.886778
4.702146 50.886823
4.702222 50.886864
4.702297 50.886905
4.702381 50.886949
4.702470 50.886996
4.702560 50.887043
4.702655 50.887091
4.702740 50.887137
4.702826 50.887183
4.702910 50.887225
4.702996 50.887265
4.703089 50.887302
4.703188 50.887334
4.703300 50.887362
4.703407 50.887376
4.703520 50.887394
4.703635 50.887401
4.703748 50.887405
4.703875 50.887406
4.704005 50.887403
4.704141 50.887397
4.704283 50.887390
4.704428 50.887382
4.704611 50.887364
4.704822 50.887341
4.705019 50.887316
4.705206 50.887291
4.705389 50.887264
4.705563 50.887240
4.705734 50.887217
4.705896 50.887192
4.706059 50.887170
4.706207 50.887165
4.706367 50.887162
4.706477 50.887177
4.706553 50.887191
4.706633 50.887199
4.706690 50.887206
4.706725 50.887211
4.706751 50.887214
4.706771 50.887219
4.706723 50.887216
4.706674 50.887213
4.706650 50.887201
4.706626 50.887188
4.706608 50.887166
4.706596 50.887149
4.706587 50.887138
4.706581 50.887131
4.706575 50.887123
4.706571 50.887118
4.706567 50.887112
4.706562 50.887104
4.706556 50.887095
4.706549 50.887088
4.706543 50.887080
4.706539 50.887078
4.706534 50.887075
4.706529 50.887073
4.706526 50.887074
4.706522 50.887075
4.706519 50.887076
4.706515 50.887077
4.706511 50.887078
4.706510 50.887078
4.706508 50.887077
4.706506 50.887076
4.706505 50.887075
4.706503 50.887075
4.706501 50.887074
4.706500 50.887073
4.706498 50.887072
4.706496 50.887072
4.706496 50.887068
4.706496 50.887064
4.706496 50.887060
4.706496 50.887057
4.706495 50.887053
4.706494 50.887050
4.706494 50.887046
4.706497 50.887046
4.706500 50.887046
4.706503 50.887046
4.706506 50.887047
4.706510 50.887047
4.706513 50.887047
4.706528 50.887060
4.706552 50.887079
4.706577 50.887098
4.706603 50.887121
4.706635 50.887148
4.706668 50.887173
4.706721 50.887194
4.706773 50.887215
4.706826 50.887235
4.706890 50.887245
4.706957 50.887241
4.707035 50.887216
4.707122 50.887172
4.707205 50.887133
4.707300 50.887087
4.707391 50.887043
4.707490 50.886997
4.707592 50.886949
4.707689 50.886906
4.707793 50.886861
4.707878 50.886822
4.707950 50.886792
4.708005 50.886771
4.708053 50.886752
4.708084 50.886741
4.708105 50.886732
4.708119 50.886726
4.708133 50.886721
4.708135 50.886720
4.708138 50.886718
4.708140 50.886717
4.708142 50.886716
4.708144 50.886715
4.708147 50.886713
4.708149 50.886712
4.708151 50.886711
4.708153 50.886710
4.708156 50.886708
4.708158 50.886707
4.708206 50.886688
4.708274 50.886661
4.708373 50.886628
4.708479 50.886584
4.708579 50.886541
4.708705 50.886491
4.708804 50.886451
4.708903 50.886411
4.709095 50.886332
4.709194 50.886291
4.709326 50.886236
4.709450 50.886182
4.709582 50.886117
4.709666 50.886073
4.709772 50.886009
4.709871 50.885942
4.709974 50.885867
4.710067 50.885792
4.710158 50.885713
4.710258 50.885622
4.710336 50.885548
4.710428 50.885462
4.710516 50.885380
4.710609 50.885293
4.710698 50.885211
4.710788 50.885129
4.710884 50.885041
4.710974 50.884956
4.711072 50.884865
4.711152 50.884790
4.711235 50.884713
4.711318 50.884638
4.711407 50.884562
4.711480 50.884505
4.711568 50.884439
4.711654 50.884375
4.711750 50.884297
4.711834 50.884224
4.711921 50.884144
4.712005 50.884062
4.712097 50.883974
4.712186 50.883892
4.712278 50.883812
4.712378 50.883727
4.712475 50.883647
4.712580 50.883560
4.712678 50.883475
4.712773 50.883390
4.712871 50.883298
4.712963 50.883216
4.713039 50.883144
4.713128 50.883069
4.713222 50.882992
4.713318 50.882922
4.713421 50.882848
4.713513 50.882773
4.713605 50.882700
4.713699 50.882620
4.713789 50.882541
4.713877 50.882458
4.713972 50.882370
4.714068 50.882287
4.714158 50.882201
4.714247 50.882116
4.714336 50.882030
4.714417 50.881954
4.714506 50.881868
4.714595 50.881783
4.714684 50.881697
4.714773 50.881612
4.714863 50.881526
4.714952 50.881441
4.715041 50.881356
4.715130 50.881270
4.715219 50.881185
4.715308 50.881099
4.715406 50.881006
4.715486 50.880929
4.715576 50.880843
4.715665 50.880758
4.715763 50.880664
4.715852 50.880579
4.715959 50.880476
4.716021 50.880417
4.716119 50.880323
4.715800 50.879885
4.715481 50.879447
4.715507 50.879339
4.715534 50.879245
4.715570 50.879136
4.715609 50.879033
4.715647 50.878927
4.715685 50.878820
4.715715 50.878735
4.715753 50.878626
4.715786 50.878521
4.715820 50.878412
4.715847 50.878306
4.715867 50.878199
4.715874 50.878093
4.715869 50.877975
4.715855 50.877864
4.715837 50.877756
4.715807 50.877635
4.715770 50.877520
4.715730 50.877413
4.715685 50.877295
4.715645 50.877192
4.715604 50.877087
4.715565 50.876987
4.715527 50.876890
4.715485 50.876780
4.715445 50.876681
4.715404 50.876573
4.715359 50.876453
4.715316 50.876342
4.715275 50.876235
4.715232 50.876122
4.715188 50.876004
4.715152 50.875900
4.715109 50.875779
4.715070 50.875674
4.715032 50.875573
4.714994 50.875464
4.714952 50.875350
4.714912 50.875238
4.714871 50.875122
4.714837 50.875034
4.714793 50.874921
4.714756 50.874822
4.714718 50.874726
4.714678 50.874623
4.714645 50.874531
4.714612 50.874446
4.714575 50.874358
4.714537 50.874274
4.714495 50.874195
4.714451 50.874124
4.714412 50.874058
4.714380 50.874003
4.714350 50.873961
4.714326 50.873938
4.714309 50.873923
4.714295 50.873912
4.714281 50.873906
4.714267 50.873900
4.714247 50.873896
4.714229 50.873895
4.714217 50.873895
4.714204 50.873895
4.714186 50.873896
4.714168 50.873898
4.714142 50.873905
4.714114 50.873915
4.714073 50.873935
4.714028 50.873960
4.713979 50.873991
4.713869 50.874059
4.713758 50.874124
4.713653 50.874188
4.713555 50.874246
4.713451 50.874309
4.713332 50.874372
4.713213 50.874428
4.713094 50.874485
4.712978 50.874543
4.712875 50.874600
4.712777 50.874654
4.712688 50.874703
4.712597 50.874753
4.712517 50.874799
4.712438 50.874843
4.712361 50.874883
4.712287 50.874922
4.712218 50.874957
4.712152 50.874991
4.712088 50.875024
4.712022 50.875060
4.711961 50.875093
4.711897 50.875129
4.711826 50.875172
4.711754 50.875214
4.711682 50.875255
4.711608 50.875294
4.711526 50.875334
4.711451 50.875373
4.711380 50.875415
4.711317 50.875456
4.711253 50.875496
4.711195 50.875532
4.711150 50.875563
4.711111 50.875588
4.711079 50.875611
4.711036 50.875635
4.710978 50.875664
4.710918 50.875698
4.710849 50.875736
4.710789 50.875769
4.710719 50.875808
4.710646 50.875848
4.710579 50.875886
4.710513 50.875922
4.710445 50.875960
4.710381 50.875994
4.710321 50.876026
4.710264 50.876057
4.710220 50.876083
4.710184 50.876101
4.710157 50.876114
4.710135 50.876125
4.710113 50.876136
4.710084 50.876149
4.710049 50.876168
4.710005 50.876191
4.709953 50.876220
4.709901 50.876250
4.709849 50.876281
4.709800 50.876309
4.709750 50.876337
4.709698 50.876367
4.709640 50.876400
4.709583 50.876431
4.709536 50.876460
4.709513 50.876486
4.709512 50.876518
4.709526 50.876553
4.709551 50.876588
4.709592 50.876633
4.709644 50.876679
4.709703 50.876725
4.709768 50.876774
4.709842 50.876830
4.709919 50.876886
4.709998 50.876944
4.710082 50.877000
4.710167 50.877059
4.710244 50.877114
4.710319 50.877168
4.710390 50.877221
4.710465 50.877276
4.710538 50.877324
4.710605 50.877366
4.710661 50.877401
4.710712 50.877430
4.710745 50.877450
4.710779 50.877453
4.710815 50.877446
4.710848 50.877436
4.710878 50.877422
4.710906 50.877405
4.710951 50.877379
4.711011 50.877340
4.711088 50.877292
4.711164 50.877247
4.711243 50.877201
4.711327 50.877152
4.711404 50.877107
4.711480 50.877064
4.711557 50.877020
4.711630 50.876978
4.711701 50.876938
4.711768 50.876901
4.711838 50.876863
4.711897 50.876829
4.711945 50.876803
4.711984 50.876781
4.712013 50.876764
4.712040 50.876750
4.712061 50.876739
4.712076 50.876729
4.712091 50.876713
4.712103 50.876692
4.712108 50.876661
4.712113 50.876624
4.712113 50.876591
4.712114 50.876567
4.712110 50.876551
4.712105 50.876546
4.712100 50.876541
4.712100 50.876537
4.712101 50.876533
4.712101 50.876528
4.712112 50.876512
4.712137 50.876496
4.712184 50.876480
4.712231 50.876469
4.712289 50.876462
4.712341 50.876462
4.712391 50.876464
4.712426 50.876470
4.712471 50.876487
4.712507 50.876521
4.712523 50.876571
4.712525 50.876623
4.712524 50.876691
4.712528 50.876746
4.712543 50.876793
4.712571 50.876845
4.712599 50.876888
4.712636 50.876931
4.712677 50.876976
4.712708 50.877009
4.712737 50.877037
4.712756 50.877053
4.712772 50.877068
4.712778 50.877080
4.712776 50.877076
4.712774 50.877071
4.712771 50.877067
4.712769 50.877062
4.712767 50.877058
4.712765 50.877054
4.712762 50.877049
4.712760 50.877045
4.712758 50.877040
4.712756 50.877036
4.712758 50.877029
4.712760 50.877023
4.712760 50.877021
4.712760 50.877019
4.712760 50.877018
4.712760 50.877016
4.712761 50.877014
4.712761 50.877013
4.712761 50.877011
4.712761 50.877008
4.712762 50.877005
4.712763 50.877003
4.712763 50.877000
4.712763 50.876998
4.712763 50.876996
4.712763 50.876995
4.712764 50.876993
4.712764 50.876992
4.712764 50.876990
4.712764 50.876988
4.712765 50.876985
4.712767 50.876981
4.712769 50.876978
4.712770 50.876977
4.712772 50.876975
4.712773 50.876974
4.712774 50.876973
4.712776 50.876972
4.712777 50.876971
4.712778 50.876970
4.712780 50.876969
4.712781 50.876967
4.712783 50.876965
4.712786 50.876963
4.712788 50.876961
4.712790 50.876958
4.712792 50.876956
4.712795 50.876955
4.712797 50.876954
4.712799 50.876953
4.712801 50.876952
4.712803 50.876951
4.712805 50.876950
4.712807 50.876950
4.712806 50.876949
4.712804 50.876949
4.712802 50.876948
4.712800 50.876948
4.712799 50.876947
4.712797 50.876947
4.712795 50.876946
4.712794 50.876946
4.712792 50.876945
4.712790 50.876945
4.712788 50.876944
4.712785 50.876944
4.712782 50.876943
4.712779 50.876943
4.712776 50.876943
4.712773 50.876942
4.712770 50.876942
4.712768 50.876941
4.712765 50.876939
4.712762 50.876937
4.712760 50.876936
4.712757 50.876934
4.712757 50.876934
4.712757 50.876934
4.712756 50.876934
4.712756 50.876934
4.712756 50.876933
4.712755 50.876933
4.712755 50.876933
4.712755 50.876933
4.712754 50.876933
4.712754 50.876933
4.712754 50.876932
4.712753 50.876932
4.712753 50.876932
4.712753 50.876932
4.712752 50.876932
4.712752 50.876932
4.712752 50.876931
4.712752 50.876931
4.712751 50.876931
4.712751 50.876931
4.712751 50.876931
4.712750 50.876931
4.712750 50.876930
4.712750 50.876930
4.712749 50.876930
4.712749 50.876930
4.712749 50.876930
4.712748 50.876929
4.712748 50.876929
4.712748 50.876929
4.712747 50.876929
4.712747 50.876929
4.712747 50.876929
4.712746 50.876928
4.712746 50.876928
4.712746 50.876928
4.712745 50.876928
4.712745 50.876928
4.712745 50.876928
4.712745 50.876927
4.712744 50.876927
4.712744 50.876927
4.712744 50.876927
4.712743 50.876927
4.712743 50.876926
4.712737 50.876926
4.712731 50.876925
4.712726 50.876924
4.712713 50.876920
4.712700 50.876915
4.712690 50.876912
4.712679 50.876909
4.712674 50.876907
4.712669 50.876905
4.712664 50.876903
4.712663 50.876902
4.712662 50.876901
4.712661 50.876900
4.712660 50.876899
4.712659 50.876898
4.712658 50.876897
4.712657 50.876896
4.712656 50.876895
4.712655 50.876894
4.712654 50.876893
4.712662 50.876899
4.712670 50.876904
4.712678 50.876910
4.712686 50.876916
4.712694 50.876921
4.712702 50.876927
4.712710 50.876932
4.712718 50.876938
4.712726 50.876943
4.712734 50.876949
4.712742 50.876954
4.712750 50.876960
4.712758 50.876966
4.712766 50.876971
4.712774 50.876977
4.712782 50.876982
4.712790 50.876988
4.712795 50.877000
4.712802 50.877010
4.712811 50.877023
4.712824 50.877035
4.712840 50.877047
4.712856 50.877056
4.712871 50.877068
4.712886 50.877078
4.712901 50.877086
4.712910 50.877099
4.712915 50.877110
4.712920 50.877122
4.712926 50.877132
4.712934 50.877143
4.712941 50.877150
4.712947 50.877157
4.712943 50.877159
4.712938 50.877160
4.712934 50.877162
4.712930 50.877164
4.712928 50.877166
4.712927 50.877167
4.712926 50.877169
4.712925 50.877170
4.712924 50.877172
4.712922 50.877173
4.712921 50.877175
4.712918 50.877176
4.712914 50.877176
4.712910 50.877177
4.712907 50.877178
4.712903 50.877179
4.712900 50.877178
4.712897 50.877177
4.712894 50.877176
4.712892 50.877175
4.712889 50.877174
4.712886 50.877173
4.712875 50.877163
4.712861 50.877150
4.712843 50.877137
4.712827 50.877124
4.712813 50.877114
4.712801 50.877105
4.712785 50.877097
4.712773 50.877086
4.712761 50.877075
4.712749 50.877065
4.712738 50.877053
4.712727 50.877044
4.712717 50.877035
4.712705 50.877025
4.712691 50.877014
4.712677 50.877003
4.712667 50.876994
4.712654 50.876984
4.712645 50.876976
4.712635 50.876967
4.712627 50.876959
4.712618 50.876951
4.712616 50.876941
4.712613 50.876930
4.712615 50.876924
4.712616 50.876919
4.712616 50.876916
4.712616 50.876914
4.712616 50.876912
4.712615 50.876910
4.712615 50.876908
4.712615 50.876906
4.712612 50.876901
4.712609 50.876896
4.712606 50.876890
4.712604 50.876885
4.712601 50.876880
4.712598 50.876875
4.712590 50.876865
4.712580 50.876854
4.712570 50.876844
4.712560 50.876834
4.712551 50.876823
4.712540 50.876815
4.712528 50.876807
4.712519 50.876799
4.712510 50.876791
4.712502 50.876779
4.712493 50.876766
4.712487 50.876755
4.712495 50.876743
4.712502 50.876731
4.712508 50.876717
4.712511 50.876699
4.712521 50.876675
4.712534 50.876660
4.712542 50.876648
4.712545 50.876635
4.712546 50.876624
4.712548 50.876612
4.712550 50.876600
4.712554 50.876589
4.712556 50.876578
4.712564 50.876564
4.712568 50.876553
4.712570 50.876547
4.712573 50.876541
4.712572 50.876539
4.712571 50.876536
4.712570 50.876534
4.712569 50.876531
4.712568 50.876528
4.712567 50.876526
4.712566 50.876523
4.712565 50.876521
4.712562 50.876512
4.712558 50.876502
4.712552 50.876490
4.712546 50.876478
4.712545 50.876462
4.712556 50.876445
4.712575 50.876432
4.712600 50.876420
4.712622 50.876409
4.712642 50.876400
4.712657 50.876395
4.712665 50.876391
4.712673 50.876388
4.712688 50.876381
4.712704 50.876375
4.712729 50.876365
4.712761 50.876354
4.712794 50.876343
4.712829 50.876335
4.712855 50.876328
4.712869 50.876324
4.712883 50.876320
4.712897 50.876318
4.712911 50.876316
4.712935 50.876309
4.712960 50.876302
4.712981 50.876297
4.712998 50.876292
4.713008 50.876285
4.713019 50.876279
4.713019 50.876267
4.713010 50.876256
4.712984 50.876244
4.712964 50.876237
4.712946 50.876233
4.712938 50.876229
4.712929 50.876225
4.712918 50.876213
4.712906 50.876201
4.712894 50.876184
4.712877 50.876171
4.712855 50.876159
4.712835 50.876144
4.712822 50.876131
4.712815 50.876118
4.712809 50.876108
4.712803 50.876097
4.712789 50.876085
4.712772 50.876071
4.712755 50.876058
4.712738 50.876045
4.712722 50.876031
4.712710 50.876022
4.712700 50.876012
4.712687 50.875999
4.712678 50.875985
4.712665 50.875969
4.712651 50.875954
4.712638 50.875938
4.712627 50.875922
4.712617 50.875909
4.712607 50.875898
4.712599 50.875886
4.712588 50.875876
4.712581 50.875866
4.712572 50.875857
4.712564 50.875848
4.712555 50.875839
4.712547 50.875833
4.712539 50.875827
4.712521 50.875823
4.712504 50.875812
4.712491 50.875799
4.712485 50.875790
4.712479 50.875780
4.712475 50.875767
4.712468 50.875757
4.712455 50.875750
4.712447 50.875739
4.712441 50.875737
4.712435 50.875734
4.712429 50.875731
4.712425 50.875730
4.712421 50.875729
4.712417 50.875727
4.712413 50.875726
4.712409 50.875725
4.712407 50.875724
4.712406 50.875723
4.712404 50.875723
4.712403 50.875722
4.712401 50.875721
4.712399 50.875720
4.712398 50.875720
4.712396 50.875719
4.712395 50.875718
4.712393 50.875718
4.712391 50.875717
4.712388 50.875717
4.712386 50.875717
4.712384 50.875717
4.712382 50.875716
4.712380 50.875716
4.712378 50.875716
4.712376 50.875715
4.712375 50.875716
4.712375 50.875716
4.712375 50.875716
4.712374 50.875716
4.712374 50.875716
4.712373 50.875716
4.712373 50.875716
4.712373 50.875717
4.712372 50.875717
4.712372 50.875717
4.712371 50.875717
4.712371 50.875717
4.712370 50.875717
4.712370 50.875718
4.712370 50.875718
4.712369 50.875718
4.712369 50.875718
4.712368 50.875718
4.712368 50.875718
4.712368 50.875718
4.712367 50.875719
4.712367 50.875719
4.712366 50.875719
4.712366 50.875719
4.712365 50.875719
4.712365 50.875719
4.712365 50.875719
4.712364 50.875720
4.712364 50.875720
4.712363 50.875720
4.712363 50.875720
4.712363 50.875720
4.712362 50.875720
4.712362 50.875720
4.712361 50.875721
4.712361 50.875721
4.712361 50.875721
4.712360 50.875721
4.712360 50.875721
4.712359 50.875721
4.712359 50.875721
4.712360 50.875722
4.712361 50.875723
4.712362 50.875724
4.712363 50.875725
4.712364 50.875726
4.712365 50.875727
4.712366 50.875728
4.712367 50.875729
4.712368 50.875730
4.712369 50.875730
4.712370 50.875731
4.712371 50.875731
4.712371 50.875731
4.712372 50.875731
4.712373 50.875731
4.712374 50.875731
4.712375 50.875731
4.712375 50.875731
4.712376 50.875731
4.712377 50.875731
4.712378 50.875731
4.712378 50.875732
4.712379 50.875732
4.712380 50.875732
4.712381 50.875732
4.712382 50.875732
4.712382 50.875732
4.712383 50.875732
4.712384 50.875732
4.712385 50.875732
4.712386 50.875732
4.712386 50.875732
4.712387 50.875733
4.712388 50.875733
4.712389 50.875733
4.712389 50.875733
4.712390 50.875733
4.712391 50.875733
4.712392 50.875733
4.712393 50.875733
4.712393 50.875733
4.712394 50.875733
4.712395 50.875733
4.712396 50.875734
4.712397 50.875734
4.712397 50.875734
4.712394 50.875737
4.712391 50.875741
4.712388 50.875744
4.712389 50.875745
4.712389 50.875747
4.712390 50.875748
4.712391 50.875750
4.712392 50.875751
4.712392 50.875752
4.712393 50.875754
4.712394 50.875755
4.712389 50.875753
4.712385 50.875750
4.712380 50.875748
4.712376 50.875745
4.712371 50.875743
4.712367 50.875740
4.712362 50.875738
4.712358 50.875736
4.712354 50.875733
4.712349 50.875731
4.712339 50.875729
4.712329 50.875727
4.712330 50.875728
4.712330 50.875729
4.712330 50.875731
4.712330 50.875732
4.712330 50.875733
4.712330 50.875734
4.712330 50.875735
4.712330 50.875736
4.712330 50.875737
4.712330 50.875738
4.712331 50.875739
4.712331 50.875740
4.712331 50.875741
4.712333 50.875742
4.712335 50.875742
4.712337 50.875743
4.712340 50.875743
4.712342 50.875743
4.712344 50.875744
4.712346 50.875744
4.712348 50.875745
4.712351 50.875745
4.712354 50.875748
4.712358 50.875751
4.712362 50.875753
4.712366 50.875756
4.712367 50.875755
4.712369 50.875753
4.712370 50.875752
4.712372 50.875751
4.712374 50.875750
4.712375 50.875748
4.712377 50.875747
4.712378 50.875746
4.712380 50.875745
4.712381 50.875743
4.712383 50.875742
4.712385 50.875741
4.712386 50.875740
4.712388 50.875738
4.712389 50.875737
4.712391 50.875736
4.712393 50.875735
4.712394 50.875734
4.712396 50.875732
4.712397 50.875731
4.712399 50.875730
4.712400 50.875729
4.712402 50.875727
4.712404 50.875726
4.712405 50.875725
4.712407 50.875724
4.712408 50.875722
4.712410 50.875721
4.712411 50.875720
4.712413 50.875719
4.712415 50.875717
4.712416 50.875716
4.712418 50.875715
4.712418 50.875716
4.712417 50.875717
4.712417 50.875719
4.712417 50.875720
4.712417 50.875721
4.712417 50.875722
4.712417 50.875724
4.712416 50.875725
4.712416 50.875726
4.712416 50.875727
4.712416 50.875729
4.712416 50.875730
4.712416 50.875731
4.712415 50.875732
4.712415 50.875734
4.712415 50.875735
4.712415 50.875736
4.712415 50.875737
4.712415 50.875739
4.712414 50.875740
4.712413 50.875741
4.712411 50.875742
4.712409 50.875743
4.712408 50.875744
4.712406 50.875745
4.712405 50.875747
4.712403 50.875748
4.712401 50.875749
4.712400 50.875750
4.712398 50.875751
4.712397 50.875752
4.712395 50.875753
4.712393 50.875755
4.712392 50.875756
4.712390 50.875757
4.712388 50.875758
4.712387 50.875759
4.712385 50.875760
4.712384 50.875761
4.712382 50.875763
4.712380 50.875764
4.712375 50.875766
4.712369 50.875768
4.712364 50.875771
4.712353 50.875775
4.712343 50.875779
4.712339 50.875779
4.712335 50.875779
4.712331 50.875779
4.712328 50.875779
4.712324 50.875779
4.712323 50.875779
4.712321 50.875778
4.712320 50.875778
4.712319 50.875778
4.712318 50.875777
4.712316 50.875777
4.712315 50.875777
4.712314 50.875776
4.712313 50.875776
4.712311 50.875775
4.712310 50.875775
4.712309 50.875775
4.712308 50.875774
4.712310 50.875776
4.712313 50.875777
4.712315 50.875779
4.712318 50.875780
4.712320 50.875782
4.712323 50.875783
4.712325 50.875785
4.712328 50.875786
4.712331 50.875787
4.712333 50.875789
4.712336 50.875790
4.712338 50.875792
4.712347 50.875796
4.712356 50.875800
4.712368 50.875807
4.712379 50.875814
4.712393 50.875819
4.712407 50.875824
4.712423 50.875827
4.712439 50.875830
4.712456 50.875832
4.712472 50.875834
4.712490 50.875841
4.712509 50.875847
4.712535 50.875861
4.712558 50.875875
4.712571 50.875886
4.712579 50.875895
4.712586 50.875904
4.712594 50.875916
4.712605 50.875933
4.712621 50.875953
4.712638 50.875970
4.712654 50.875982
4.712662 50.875991
4.712669 50.875999
4.712687 50.876011
4.712705 50.876022
4.712723 50.876034
4.712741 50.876046
4.712759 50.876058
4.712777 50.876070
4.712795 50.876082
4.712813 50.876093
4.712831 50.876105
4.712844 50.876110
4.712857 50.876115
4.712872 50.876122
4.712888 50.876125
4.712903 50.876129
4.712926 50.876134
4.712951 50.876149
4.712972 50.876165
4.712989 50.876175
4.712994 50.876183
4.713000 50.876190
4.712996 50.876201
4.712987 50.876214
4.712973 50.876230
4.712958 50.876246
4.712944 50.876261
4.712933 50.876275
4.712924 50.876288
4.712917 50.876301
4.712903 50.876307
4.712889 50.876314
4.712874 50.876320
4.712860 50.876327
4.712845 50.876334
4.712831 50.876340
4.712817 50.876347
4.712803 50.876351
4.712789 50.876356
4.712773 50.876363
4.712756 50.876369
4.712744 50.876381
4.712726 50.876397
4.712707 50.876407
4.712693 50.876417
4.712686 50.876427
4.712681 50.876434
4.712676 50.876442
4.712666 50.876450
4.712656 50.876459
4.712636 50.876469
4.712620 50.876477
4.712612 50.876489
4.712609 50.876501
4.712606 50.876512
4.712601 50.876524
4.712594 50.876535
4.712589 50.876551
4.712584 50.876567
4.712579 50.876583
4.712574 50.876599
4.712569 50.876615
4.712563 50.876631
4.712558 50.876647
4.712553 50.876663
4.712551 50.876671
4.712549 50.876680
4.712549 50.876687
4.712548 50.876695
4.712550 50.876700
4.712551 50.876704
4.712553 50.876709
4.712558 50.876714
4.712563 50.876719
4.712577 50.876726
4.712596 50.876735
4.712609 50.876745
4.712617 50.876751
4.712625 50.876757
4.712634 50.876764
4.712643 50.876770
4.712652 50.876780
4.712665 50.876789
4.712676 50.876791
4.712688 50.876794
4.712700 50.876800
4.712712 50.876806
4.712725 50.876817
4.712731 50.876828
4.712729 50.876829
4.712726 50.876830
4.712724 50.876831
4.712722 50.876832
4.712720 50.876832
4.712718 50.876833
4.712716 50.876834
4.712713 50.876835
4.712711 50.876836
4.712709 50.876837
4.712702 50.876843
4.712695 50.876848
4.712690 50.876854
4.712685 50.876861
4.712686 50.876861
4.712687 50.876862
4.712687 50.876862
4.712688 50.876862
4.712689 50.876863
4.712689 50.876863
4.712690 50.876863
4.712691 50.876864
4.712691 50.876864
4.712692 50.876864
4.712693 50.876865
4.712693 50.876865
4.712694 50.876865
4.712695 50.876866
4.712696 50.876866
4.712696 50.876866
4.712697 50.876867
4.712698 50.876867
4.712698 50.876867
4.712699 50.876868
4.712700 50.876868
4.712699 50.876870
4.712699 50.876873
4.712699 50.876875
4.712699 50.876877
4.712699 50.876880
4.712696 50.876882
4.712693 50.876885
4.712690 50.876888
4.712688 50.876890
4.712686 50.876894
4.712685 50.876898
4.712684 50.876902
4.712683 50.876906
4.712682 50.876909
4.712681 50.876913
4.712680 50.876917
4.712679 50.876921
4.712681 50.876922
4.712684 50.876924
4.712687 50.876926
4.712689 50.876927
4.712692 50.876929
4.712695 50.876930
4.712696 50.876931
4.712696 50.876932
4.712697 50.876934
4.712698 50.876935
4.712699 50.876936
4.712700 50.876937
4.712701 50.876938
4.712702 50.876939
4.712703 50.876940
4.712703 50.876942
4.712703 50.876943
4.712703 50.876945
4.712703 50.876947
4.712703 50.876948
4.712702 50.876950
4.712702 50.876952
4.712701 50.876955
4.712699 50.876958
4.712698 50.876961
4.712696 50.876965
4.712696 50.876966
4.712697 50.876968
4.712697 50.876970
4.712697 50.876972
4.712698 50.876974
4.712698 50.876976
4.712698 50.876978
4.712700 50.876981
4.712701 50.876984
4.712702 50.876987
4.712703 50.876990
4.712704 50.876990
4.712706 50.876990
4.712707 50.876989
4.712709 50.876989
4.712710 50.876988
4.712711 50.876988
4.712713 50.876988
4.712714 50.876987
4.712716 50.876987
4.712717 50.876986
4.712719 50.876986
4.712720 50.876985
4.712719 50.876983
4.712718 50.876980
4.712717 50.876977
4.712716 50.876974
4.712719 50.876974
4.712722 50.876975
4.712725 50.876975
4.712727 50.876976
4.712730 50.876976
4.712733 50.876977
4.712746 50.876988
4.712788 50.877016
4.712830 50.877044
4.712872 50.877072
4.712914 50.877100
4.712956 50.877128
4.713014 50.877168
4.713088 50.877218
4.713156 50.877265
4.713221 50.877311
4.713292 50.877362
4.713366 50.877418
4.713435 50.877473
4.713503 50.877525
4.713586 50.877587
4.713663 50.877641
4.713740 50.877695
4.713813 50.877747
4.713887 50.877802
4.713963 50.877859
4.714030 50.877911
4.714094 50.877960
4.714159 50.878009
4.714218 50.878058
4.714274 50.878107
4.714317 50.878149
4.714359 50.878191
4.714406 50.878235
4.714448 50.878268
4.714493 50.878297
4.714529 50.878321
4.714556 50.878339
4.714574 50.878350
4.714588 50.878358
4.714608 50.878361
4.714634 50.878359
4.714665 50.878355
4.714704 50.878344
4.714756 50.878325
4.714831 50.878293
4.714907 50.878259
4.714997 50.878220
4.715093 50.878177
4.715190 50.878133
4.715286 50.878089
4.715385 50.878043
4.715456 50.878007
4.715524 50.877969
4.715578 50.877938
4.715622 50.877913
4.715659 50.877892
4.715684 50.877875
4.715700 50.877863
4.715709 50.877856
4.715717 50.877848
4.715730 50.877837
4.715743 50.877827
4.715762 50.877794
4.715766 50.877747
4.715764 50.877698
4.715764 50.877630
4.715778 50.877546
4.715782 50.877461
4.715776 50.877368
4.715766 50.877307
4.715754 50.877252
4.715745 50.877217
4.715735 50.877195
4.715723 50.877179
4.715714 50.877168
4.715720 50.877167
4.715726 50.877166
4.715732 50.877165
4.715738 50.877164
4.715744 50.877163
4.715782 50.877151
4.715822 50.877147
4.715865 50.877149
4.715897 50.877153
4.715924 50.877159
4.715960 50.877176
4.715999 50.877212
4.716018 50.877257
4.716029 50.877320
4.716032 50.877389
4.716030 50.877466
4.716021 50.877552
4.716002 50.877650
4.715975 50.877754
4.715942 50.877867
4.715907 50.877994
4.715873 50.878115
4.715840 50.878239
4.715801 50.878363
4.715755 50.878494
4.715708 50.878617
4.715657 50.878739
4.715595 50.878879
4.715547 50.878989
4.715494 50.879108
4.715436 50.879241
4.715381 50.879365
4.715326 50.879491
4.715269 50.879623
4.715216 50.879750
4.715163 50.879877
4.715110 50.880005
4.715053 50.880141
4.714999 50.880269
4.714952 50.880405
4.714916 50.880528
4.714873 50.880650
4.714830 50.880772
4.714792 50.880882
4.714749 50.881005
4.714706 50.881127
4.714659 50.881262
4.714621 50.881372
4.714574 50.881506
4.714531 50.881629
4.714493 50.881739
4.714450 50.881861
4.714407 50.881984
4.714364 50.882106
4.714321 50.882228
4.714279 50.882351
4.714236 50.882473
4.714189 50.882608
4.714142 50.882743
4.714108 50.882840
4.714061 50.882975
4.714018 50.883097
4.713979 50.883207
4.713932 50.883342
4.713890 50.883464
4.713526 50.883293
4.713163 50.883122
4.713102 50.883174
4.713030 50.883234
4.712953 50.883306
4.712878 50.883385
4.712799 50.883466
4.712704 50.883554
4.712603 50.883644
4.712501 50.883739
4.712394 50.883831
4.712276 50.883937
4.712165 50.884034
4.712055 50.884128
4.711954 50.884217
4.711852 50.884307
4.711760 50.884397
4.711678 50.884470
4.711599 50.884539
4.711524 50.884606
4.711434 50.884684
4.711338 50.884766
4.711256 50.884834
4.711160 50.884913
4.711064 50.884997
4.710970 50.885077
4.710875 50.885162
4.710783 50.885246
4.710686 50.885336
4.710597 50.885416
4.710511 50.885491
4.710423 50.885569
4.710328 50.885653
4.710241 50.885729
4.710158 50.885804
4.710081 50.885873
4.710005 50.885940
4.709944 50.885992
4.709878 50.886047
4.709820 50.886097
4.709767 50.886145
4.709721 50.886189
4.709677 50.886231
4.709639 50.886273
4.709606 50.886317
4.709579 50.886360
4.709561 50.886407
4.709567 50.886453
4.709565 50.886504
4.709549 50.886567
4.709525 50.886623
4.709486 50.886685
4.709423 50.886746
4.709346 50.886792
4.709253 50.886836
4.709151 50.886876
4.709036 50.886913
4.708918 50.886954
4.708784 50.887001
4.708631 50.887052
4.708510 50.887092
4.708368 50.887139
4.708209 50.887193
4.708015 50.887257
4.707838 50.887313
4.707663 50.887370
4.707456 50.887436
4.707264 50.887498
4.707048 50.887567
4.706854 50.887632
4.706638 50.887707
4.706449 50.887773
4.706233 50.887851
4.706033 50.887923
4.705838 50.887996
4.705622 50.888080
4.705434 50.888152
4.705217 50.888229
4.705015 50.888304
4.704802 50.888378
4.704620 50.888441
4.704412 50.888515
4.704228 50.888578
4.704028 50.888646
4.703809 50.888722
4.703613 50.888789
4.703402 50.888860
4.703189 50.888931
4.702992 50.888999
4.702762 50.889079
4.702561 50.889149
4.702340 50.889222
4.702117 50.889295
4.701892 50.889368
4.701661 50.889439
4.701433 50.889504
4.701177 50.889568
4.700952 50.889616
4.700700 50.889661
4.700440 50.889701
4.700173 50.889735
4.699899 50.889762
4.699620 50.889780
4.699336 50.889793
4.699024 50.889800
4.698746 50.889801
4.698451 50.889795
4.698151 50.889782
4.697848 50.889761
4.697559 50.889732
4.697278 50.889697
4.697006 50.889659
4.696727 50.889619
4.696465 50.889580
4.696201 50.889539
4.695932 50.889497
4.695676 50.889459
4.695421 50.889427
4.695153 50.889399
4.694891 50.889377
4.694634 50.889360
4.694377 50.889344
4.694082 50.889324
4.693834 50.889307
4.693594 50.889288
4.693392 50.889271
4.693172 50.889253
4.692938 50.889234
4.692778 50.889223
4.692644 50.889212
4.692507 50.889200
4.692384 50.889189
4.692273 50.889178
4.692187 50.889168
4.692114 50.889160
4.692048 50.889153
4.692008 50.889160
4.691980 50.889175
4.691939 50.889209
4.691910 50.889247
4.691889 50.889286
4.691855 50.889343
4.691816 50.889412
4.691778 50.889486
4.691730 50.889581
4.691688 50.889662
4.691635 50.889769
4.691590 50.889865
4.691532 50.889981
4.691477 50.890099
4.691420 50.890219
4.691360 50.890349
4.691302 50.890475
4.691236 50.890615
4.691175 50.890750
4.691121 50.890865
4.691060 50.890988
4.690989 50.891118
4.690917 50.891238
4.690834 50.891361
4.690751 50.891476
4.690659 50.891595
4.690571 50.891713
4.690478 50.891824
4.690377 50.891940
4.690282 50.892048
4.690186 50.892157
4.690084 50.892269
4.689988 50.892374
4.689892 50.892481
4.689794 50.892596
4.689701 50.892708
4.689613 50.892816
4.689527 50.892926
4.689451 50.893019
4.689396 50.893084
4.689346 50.893144
4.689301 50.893194
4.689270 50.893234
4.689248 50.893268
4.689231 50.893295
4.689221 50.893315
4.689219 50.893327
4.689223 50.893323
4.689226 50.893320
4.689230 50.893317
4.689234 50.893314
4.689238 50.893311
4.689240 50.893309
4.689242 50.893307
4.689244 50.893305
4.689246 50.893303
4.689248 50.893300
4.689250 50.893299
4.689251 50.893298
4.689253 50.893296
4.689255 50.893295
4.689256 50.893293
4.689258 50.893292
4.689259 50.893290
4.689257 50.893289
4.689255 50.893287
4.689253 50.893286
4.689251 50.893284
4.689249 50.893282
4.689247 50.893281
4.689242 50.893286
4.689238 50.893291
4.689233 50.893296
4.689229 50.893302
4.689224 50.893307
4.689220 50.893312
4.689216 50.893317
4.689211 50.893322
4.689207 50.893327
4.689202 50.893332
4.689198 50.893338
4.689193 50.893343
4.689189 50.893348
4.689146 50.893392
4.689089 50.893450
4.689028 50.893512
4.688959 50.893584
4.688902 50.893645
4.688857 50.893703
4.688828 50.893764
4.688830 50.893834
4.688867 50.893895
4.688930 50.893952
4.689025 50.894015
4.689154 50.894085
4.689287 50.894155
4.689454 50.894241
4.689619 50.894325
4.689825 50.894435
4.690037 50.894546
4.690254 50.894660
4.690462 50.894772
4.690663 50.894884
4.690894 50.895015
4.691109 50.895137
4.691357 50.895281
4.691574 50.895409
4.691809 50.895550
4.692059 50.895705
4.692285 50.895846
4.692545 50.896012
4.692860 50.896216
4.693026 50.896321
4.693303 50.896498
4.693546 50.896655
4.693807 50.896830
4.694091 50.897025
4.694333 50.897197
4.694618 50.897404
4.694879 50.897593
4.695160 50.897795
4.695404 50.897967
4.695703 50.898177
4.695965 50.898358
4.696275 50.898569
4.696545 50.898754
4.696861 50.898970
4.697154 50.899166
4.697465 50.899373
4.697734 50.899547
4.698068 50.899763
4.698377 50.899955
4.698707 50.900144
4.699013 50.900309
4.699386 50.900504
4.699722 50.900669
4.700077 50.900834
4.700403 50.900978
4.700790 50.901143
4.701126 50.901280
4.701517 50.901433
4.701859 50.901564
4.702275 50.901719
4.702636 50.901852
4.703024 50.901994
4.703393 50.902129
4.703847 50.902295
4.704123 50.902395
4.704556 50.902554
4.704892 50.902677
4.705330 50.902835
4.705664 50.902957
4.706117 50.903123
4.706511 50.903268
4.706866 50.903400
4.707351 50.903578
4.707606 50.903673
4.707954 50.903802
4.708359 50.903953
4.708709 50.904083
4.709121 50.904235
4.709469 50.904365
4.709912 50.904530
4.710220 50.904646
4.710695 50.904828
4.711019 50.904953
4.711357 50.905086
4.711708 50.905234
4.712034 50.905380
4.712372 50.905540
4.712751 50.905733
4.713072 50.905911
4.713396 50.906105
4.713660 50.906275
4.713990 50.906502
4.714236 50.906686
4.714542 50.906927
4.714774 50.907120
4.715068 50.907371
4.715320 50.907592
4.715582 50.907825
4.715808 50.908024
4.716098 50.908279
4.716324 50.908477
4.716610 50.908729
4.716826 50.908922
4.717096 50.909167
4.717300 50.909357
4.717560 50.909594
4.717758 50.909774
4.718019 50.910009
4.718202 50.910170
4.718442 50.910378
4.718648 50.910556
4.718887 50.910764
4.719092 50.910944
4.719328 50.911151
4.719528 50.911327
4.719760 50.911528
4.719957 50.911698
4.720184 50.911893
4.720380 50.912059
4.720607 50.912252
4.720792 50.912408
4.721032 50.912610
4.721219 50.912770
4.721462 50.912979
4.721655 50.913143
4.721878 50.913333
4.722092 50.913514
4.722314 50.913707
4.722530 50.913894
4.722785 50.914115
4.722983 50.914286
4.723214 50.914485
4.723431 50.914673
4.723670 50.914880
4.723873 50.915056
4.724109 50.915259
4.724315 50.915436
4.724562 50.915646
4.724780 50.915831
4.725036 50.916050
4.725258 50.916241
4.725522 50.916470
4.725753 50.916671
4.726030 50.916908
4.726269 50.917115
4.726553 50.917357
4.726801 50.917567
4.727088 50.917812
4.727324 50.918013
4.727599 50.918248
4.727870 50.918480
4.728133 50.918706
4.728399 50.918932
4.728705 50.919196
4.728943 50.919402
4.729221 50.919641
4.729490 50.919871
4.729769 50.920111
4.730035 50.920340
4.730313 50.920576
4.730570 50.920800
4.730846 50.921044
4.731111 50.921274
4.731389 50.921513
4.731655 50.921741
4.731933 50.921981
4.732199 50.922210
4.732494 50.922464
4.732746 50.922680
4.733012 50.922908
4.733280 50.923133
4.733564 50.923366
4.733836 50.923587
4.734136 50.923832
4.734365 50.924020
4.734654 50.924257
4.734907 50.924468
4.735198 50.924712
4.735459 50.924935
4.735704 50.925145
4.735964 50.925372
4.736243 50.925617
4.736498 50.925841
4.736742 50.926053
4.737003 50.926280
4.737283 50.926524
4.737527 50.926739
4.737787 50.926961
4.738050 50.927186
4.738334 50.927428
4.738583 50.927638
4.738840 50.927860
4.739093 50.928081
4.739367 50.928326
4.739646 50.928571
4.739905 50.928807
4.740131 50.929011
4.740359 50.929215
4.740617 50.929443
4.740879 50.929676
4.741137 50.929899
4.741402 50.930129
4.741667 50.930357
4.741945 50.930594
4.742201 50.930812
4.742486 50.931049
4.742753 50.931274
4.743020 50.931499
4.743293 50.931727
4.743560 50.931953
4.743850 50.932200
4.744118 50.932425
4.744367 50.932642
4.744628 50.932870
4.744891 50.933096
4.745154 50.933324
4.745423 50.933555
4.745696 50.933783
4.745983 50.934024
4.746259 50.934251
4.746535 50.934478
4.746820 50.934705
4.747109 50.934932
4.747401 50.935156
4.747711 50.935388
4.748012 50.935607
4.748324 50.935823
4.748639 50.936036
4.748954 50.936241
4.749395 50.936522
4.749628 50.936663
4.749964 50.936865
4.750319 50.937076
4.750660 50.937273
4.751000 50.937470
4.751345 50.937666
4.751714 50.937870
4.752074 50.938062
4.752438 50.938252
4.752803 50.938437
4.753169 50.938620
4.753538 50.938800
4.753915 50.938976
4.754315 50.939153
4.754706 50.939320
4.755097 50.939481
4.755490 50.939640
4.755876 50.939796
4.756281 50.939958
4.756667 50.940114
4.757051 50.940263
4.757429 50.940407
4.757802 50.940548
4.758185 50.940693
4.758545 50.940830
4.758897 50.940965
4.759245 50.941099
4.759589 50.941232
4.759934 50.941365
4.760293 50.941504
4.760626 50.941631
4.760966 50.941760
4.761322 50.941899
4.761665 50.942034
4.762006 50.942168
4.762349 50.942303
4.762706 50.942448
4.763051 50.942591
4.763398 50.942735
4.763751 50.942879
4.764123 50.943030
4.764495 50.943178
4.764869 50.943323
4.765268 50.943475
4.765651 50.943621
4.766041 50.943770
4.766436 50.943916
4.766829 50.944060
4.767247 50.944209
4.767643 50.944348
4.768041 50.944485
4.768448 50.944624
4.768859 50.944763
4.769270 50.944902
4.769699 50.945043
4.770108 50.945175
4.770520 50.945306
4.770930 50.945434
4.771363 50.945563
4.771776 50.945681
4.772195 50.945797
4.772632 50.945917
4.773055 50.946029
4.773478 50.946140
4.773925 50.946255
4.774347 50.946366
4.774771 50.946480
4.775218 50.946598
4.775647 50.946710
4.776073 50.946822
4.776522 50.946938
4.776950 50.947044
4.777405 50.947159
4.778008 50.947310
4.778261 50.947372
4.778760 50.947497
4.779185 50.947603
4.779554 50.947696
4.780020 50.947812
4.780449 50.947919
4.780868 50.948023
4.781332 50.948137
4.781745 50.948239
4.782212 50.948354
4.782643 50.948460
4.783093 50.948571
4.783519 50.948677
4.783923 50.948779
4.784355 50.948888
4.784810 50.949005
4.785213 50.949110
4.785672 50.949226
4.786089 50.949332
4.786496 50.949435
4.786946 50.949549
4.787383 50.949660
4.787798 50.949766
4.788196 50.949869
4.788644 50.949983
4.789042 50.950085
4.789495 50.950201
4.789895 50.950300
4.790322 50.950406
4.790750 50.950512
4.791177 50.950619
4.791643 50.950737
4.792057 50.950845
4.792493 50.950959
4.792907 50.951068
4.793319 50.951179
4.793750 50.951302
4.794167 50.951423
4.794574 50.951541
4.794957 50.951655
4.795370 50.951782
4.795806 50.951922
4.796191 50.952049
4.796599 50.952185
4.797006 50.952323
4.797412 50.952465
4.797841 50.952620
4.798208 50.952755
4.798600 50.952904
4.798994 50.953058
