4.715945 50.908465
4.715658 50.908225
4.715372 50.907985
4.715088 50.907745
4.714805 50.907506
4.714525 50.907270
4.714241 50.907035
4.713955 50.906805
4.713656 50.906578
4.713346 50.906353
4.713023 50.906136
4.712685 50.905926
4.712332 50.905723
4.711966 50.905528
4.711588 50.905344
4.711196 50.905172
4.710796 50.905010
4.710391 50.904853
4.709984 50.904702
4.709577 50.904551
4.709167 50.904400
4.708758 50.904250
4.708352 50.904101
4.707946 50.903952
4.707539 50.903802
4.707137 50.903654
4.706736 50.903506
4.706334 50.903358
4.705910 50.903202
4.705525 50.903061
4.705119 50.902909
4.704732 50.902763
4.704301 50.902603
4.703889 50.902451
4.703474 50.902299
4.703077 50.902154
4.702643 50.901996
4.702230 50.901846
4.701818 50.901694
4.701408 50.901538
4.701003 50.901379
4.700620 50.901222
4.700205 50.901043
4.699835 50.900877
4.699449 50.900694
4.699054 50.900496
4.698687 50.900298
4.698332 50.900093
4.698006 50.899892
4.697671 50.899680
4.697325 50.899457
4.697013 50.899254
4.696668 50.899030
4.696341 50.898818
4.696033 50.898617
4.695714 50.898405
4.695383 50.898181
4.695088 50.897978
4.694764 50.897753
4.694457 50.897541
4.694153 50.897331
4.693863 50.897130
4.693543 50.896909
4.693252 50.896710
4.692941 50.896503
4.692608 50.896292
4.692298 50.896107
4.691948 50.895909
4.691621 50.895733
4.691250 50.895548
4.690890 50.895380
4.690527 50.895221
4.690157 50.895067
4.689775 50.894915
4.689404 50.894770
4.689005 50.894619
4.688582 50.894461
4.688182 50.894312
4.687780 50.894162
4.687371 50.894008
4.686966 50.893856
4.686560 50.893704
4.686153 50.893553
4.685748 50.893401
4.685365 50.893257
4.684942 50.893099
4.684539 50.892947
4.684135 50.892796
4.683731 50.892646
4.683327 50.892495
4.682922 50.892344
4.682518 50.892193
4.682114 50.892041
4.681711 50.891887
4.681287 50.891720
4.680905 50.891565
4.680506 50.891399
4.680103 50.891225
4.679725 50.891053
4.679345 50.890870
4.678975 50.890679
4.678596 50.890469
4.678281 50.890284
4.677924 50.890061
4.677610 50.889852
4.677278 50.889614
4.676976 50.889380
4.676701 50.889152
4.676411 50.888894
4.676159 50.888657
4.675905 50.888403
4.675652 50.888135
4.675422 50.887876
4.675201 50.887615
4.674996 50.887365
4.674776 50.887089
4.674571 50.886823
4.674372 50.886556
4.674174 50.886286
4.673964 50.886001
4.673772 50.885745
4.673557 50.885463
4.673372 50.885221
4.673157 50.884942
4.672951 50.884674
4.672744 50.884406
4.672533 50.884134
4.672322 50.883865
4.672135 50.883629
4.671914 50.883353
4.671690 50.883082
4.671471 50.882822
4.671238 50.882554
4.670999 50.882287
4.670737 50.882012
4.670492 50.881769
4.670223 50.881519
4.669958 50.881287
4.669658 50.881036
4.669364 50.880803
4.669061 50.880576
4.668763 50.880366
4.668439 50.880153
4.668107 50.879951
4.667766 50.879755
4.667399 50.879556
4.667039 50.879371
4.666667 50.879194
4.666303 50.879032
4.665909 50.878870
4.665507 50.878717
4.665075 50.878563
4.664660 50.878422
4.664244 50.878283
4.663831 50.878146
4.663417 50.878008
4.662999 50.877869
4.662571 50.877728
4.662165 50.877595
4.661724 50.877451
4.661325 50.877319
4.660886 50.877168
4.660497 50.877022
4.660098 50.876858
4.659725 50.876692
4.659325 50.876496
4.658955 50.876297
4.658597 50.876087
4.658232 50.875858
4.657916 50.875642
4.657599 50.875408
4.657313 50.875180
4.656997 50.874908
4.656741 50.874668
4.656485 50.874409
4.656259 50.874159
4.656038 50.873896
4.655820 50.873614
4.655636 50.873350
4.655445 50.873052
4.655283 50.872762
4.655135 50.872455
4.655016 50.872176
4.654899 50.871876
4.654802 50.871601
4.654701 50.871308
4.654602 50.871026
4.654500 50.870751
4.654402 50.870488
4.654299 50.870216
4.654193 50.869946
4.654073 50.869665
4.653947 50.869404
4.653812 50.869159
4.653651 50.868887
4.653492 50.868639
4.653309 50.868378
4.653109 50.868117
4.652890 50.867860
4.652647 50.867597
4.652405 50.867352
4.652157 50.867114
4.651921 50.866892
4.651674 50.866661
4.651416 50.866423
4.651181 50.866207
4.650921 50.865971
4.650672 50.865746
4.650425 50.865524
4.650172 50.865299
4.649905 50.865068
4.649623 50.864831
4.649354 50.864605
4.649088 50.864379
4.648836 50.864164
4.648574 50.863942
4.648296 50.863708
4.648032 50.863486
4.647768 50.863263
4.647520 50.863052
4.647250 50.862819
4.647014 50.862613
4.646753 50.862384
4.646502 50.862169
4.646248 50.861954
4.645984 50.861739
4.645729 50.861535
4.645445 50.861313
4.645168 50.861101
4.644903 50.860905
4.644627 50.860711
4.644327 50.860512
4.644062 50.860347
4.643732 50.860154
4.643421 50.859981
4.643080 50.859811
4.642719 50.859651
4.642343 50.859499
4.641958 50.859358
4.641556 50.859225
4.641164 50.859104
4.640766 50.858987
4.640347 50.858868
4.639960 50.858761
4.639564 50.858653
4.639156 50.858543
4.638775 50.858443
4.638346 50.858340
4.637957 50.858261
4.637519 50.858189
4.637107 50.858138
4.636630 50.858099
4.636219 50.858080
4.635787 50.858075
4.635353 50.858083
4.634939 50.858103
4.634486 50.858138
4.634028 50.858183
4.633630 50.858225
4.633162 50.858275
4.632698 50.858326
4.632254 50.858376
4.631805 50.858427
4.631343 50.858479
4.630932 50.858525
4.630502 50.858572
4.630070 50.858618
4.629633 50.858665
4.629170 50.858716
4.628752 50.858767
4.628290 50.858825
4.627871 50.858880
4.627407 50.858941
4.626965 50.859001
4.626544 50.859059
4.626084 50.859122
4.625653 50.859181
4.625249 50.859236
4.624809 50.859296
4.624397 50.859353
4.623998 50.859408
4.623600 50.859463
4.623168 50.859523
4.622787 50.859575
4.622367 50.859632
4.621958 50.859688
4.621550 50.859743
4.621142 50.859799
4.620714 50.859859
4.620331 50.859910
4.619913 50.859966
4.619517 50.860019
4.619111 50.860074
4.618688 50.860132
4.618290 50.860187
4.617865 50.860245
4.617460 50.860301
4.617021 50.860360
4.616552 50.860424
4.616125 50.860482
4.615661 50.860545
4.615259 50.860599
4.614835 50.860657
4.614485 50.860704
4.614089 50.860758
4.613740 50.860806
4.613342 50.860861
4.613002 50.860907
4.612666 50.860952
4.612318 50.860999
4.611972 50.861048
4.611597 50.861099
4.611259 50.861145
4.610909 50.861193
4.610543 50.861242
4.610189 50.861289
4.609843 50.861334
4.609445 50.861371
4.609018 50.861408
4.608604 50.861449
4.608127 50.861506
4.607670 50.861568
4.607203 50.861637
4.606689 50.861717
4.606218 50.861791
4.605716 50.861868
4.605233 50.861941
4.604724 50.862019
4.604231 50.862093
4.603803 50.862159
4.603309 50.862237
4.602842 50.862315
4.602356 50.862400
4.601929 50.862475
4.601450 50.862559
4.600985 50.862639
4.600557 50.862711
4.600102 50.862787
4.599624 50.862866
4.599177 50.862939
4.598718 50.863015
4.598295 50.863085
4.597792 50.863168
4.597360 50.863240
4.596882 50.863320
4.596448 50.863394
4.595970 50.863476
4.595518 50.863552
4.595085 50.863625
4.594622 50.863705
4.594132 50.863791
4.593675 50.863873
4.593218 50.863954
4.592777 50.864035
4.592292 50.864120
4.591830 50.864198
4.591396 50.864269
4.590912 50.864348
4.590451 50.864424
4.590026 50.864493
4.589580 50.864567
4.589152 50.864638
4.588667 50.864718
4.588237 50.864790
4.587813 50.864862
4.587399 50.864931
4.586965 50.865004
4.586541 50.865074
4.586136 50.865141
4.585679 50.865215
4.585237 50.865285
4.584832 50.865348
4.584333 50.865424
4.583901 50.865490
4.583445 50.865559
4.582979 50.865632
4.582570 50.865697
4.582121 50.865772
4.581689 50.865845
4.581275 50.865917
4.580807 50.865997
4.580355 50.866072
4.579923 50.866145
4.579449 50.866225
4.578967 50.866309
4.578525 50.866390
4.578085 50.866469
4.577629 50.866551
4.577170 50.866629
4.576695 50.866706
4.576265 50.866774
4.575770 50.866850
4.575344 50.866917
4.574873 50.866989
4.574468 50.867051
4.573975 50.867126
4.573534 50.867193
4.573080 50.867262
4.572631 50.867329
4.572182 50.867396
4.571727 50.867462
4.571247 50.867530
4.570796 50.867592
4.570319 50.867656
4.569852 50.867716
4.569429 50.867770
4.568936 50.867831
4.568466 50.867889
4.567970 50.867950
4.567546 50.868001
4.567047 50.868060
4.566584 50.868113
4.566134 50.868164
4.565644 50.868217
4.565176 50.868264
4.564730 50.868309
4.564262 50.868356
4.563771 50.868404
4.563327 50.868448
4.562859 50.868494
4.562393 50.868538
4.561903 50.868582
4.561447 50.868622
4.560966 50.868663
4.560511 50.868700
4.560053 50.868737
4.559557 50.868776
4.559084 50.868813
4.558631 50.868846
4.558156 50.868881
4.557655 50.868916
4.557207 50.868947
4.556732 50.868979
4.556240 50.869009
4.555772 50.869037
4.555306 50.869063
4.554847 50.869087
4.554385 50.869109
4.553890 50.869133
4.553442 50.869153
4.552970 50.869173
4.552476 50.869194
4.552032 50.869211
4.551589 50.869228
4.551102 50.869246
4.550610 50.869262
4.550142 50.869276
4.549667 50.869288
4.549188 50.869299
4.548718 50.869308
4.548267 50.869317
4.547733 50.869327
4.547295 50.869335
4.546763 50.869344
4.546280 50.869352
4.545812 50.869359
4.545321 50.869365
4.544847 50.869368
4.544393 50.869371
4.543887 50.869375
4.543407 50.869378
4.542932 50.869381
4.542505 50.869383
4.542032 50.869386
4.541561 50.869390
4.541061 50.869392
4.540585 50.869394
4.540118 50.869395
4.539649 50.869395
4.539164 50.869395
4.538679 50.869395
4.538168 50.869395
4.537706 50.869396
4.537218 50.869398
4.536732 50.869399
4.536249 50.869399
4.535766 50.869399
4.535286 50.869399
4.534776 50.869400
4.534312 50.869401
4.533801 50.869402
4.533332 50.869404
4.532847 50.869407
4.532313 50.869410
4.531877 50.869412
4.531397 50.869413
4.530917 50.869413
4.530438 50.869413
4.529958 50.869414
4.529478 50.869414
4.529003 50.869416
4.528526 50.869417
4.528025 50.869419
4.527545 50.869420
4.527067 50.869421
4.526610 50.869421
4.526126 50.869421
4.525640 50.869422
4.525130 50.869423
4.524645 50.869424
4.524184 50.869425
4.523697 50.869425
4.523185 50.869425
4.522670 50.869427
4.522204 50.869429
4.521689 50.869433
4.521221 50.869437
4.520728 50.869443
4.520259 50.869448
4.519725 50.869454
4.519257 50.869458
4.518814 50.869462
4.518288 50.869465
4.517813 50.869467
4.517338 50.869468
4.516896 50.869469
4.516399 50.869468
4.515924 50.869468
4.515484 50.869468
4.514963 50.869467
4.514532 50.869466
4.514033 50.869466
4.513579 50.869466
4.513078 50.869466
4.512623 50.869468
4.512116 50.869469
4.511658 50.869470
4.511175 50.869472
4.510691 50.869473
4.510211 50.869475
4.509730 50.869476
4.509251 50.869477
4.508776 50.869477
4.508300 50.869477
4.507780 50.869477
4.507307 50.869478
4.506840 50.869479
4.506400 50.869479
4.505920 50.869480
4.505459 50.869482
4.504995 50.869484
4.504553 50.869487
4.504063 50.869489
4.503596 50.869490
4.503129 50.869490
4.502711 50.869490
4.502226 50.869490
4.501787 50.869490
4.501280 50.869490
4.500816 50.869490
4.500352 50.869490
4.499886 50.869490
4.499443 50.869491
4.498954 50.869491
4.498492 50.869492
4.498033 50.869492
4.497620 50.869492
4.497154 50.869493
4.496666 50.869492
4.496230 50.869493
4.495790 50.869494
4.495289 50.869496
4.494833 50.869499
4.494380 50.869499
4.493960 50.869499
4.493476 50.869499
4.493028 50.869500
4.492579 50.869500
4.492135 50.869502
4.491687 50.869503
4.491235 50.869504
4.490812 50.869504
4.490359 50.869505
4.489898 50.869506
4.489437 50.869506
4.488977 50.869506
4.488514 50.869505
4.488053 50.869503
4.487598 50.869502
4.487141 50.869501
4.486636 50.869501
4.486173 50.869501
4.485708 50.869501
4.485279 50.869501
4.484831 50.869501
4.484333 50.869501
4.483907 50.869502
4.483442 50.869503
4.483044 50.869504
4.482594 50.869507
4.482165 50.869512
4.481726 50.869520
4.481265 50.869530
4.480848 50.869540
4.480417 50.869546
4.479988 50.869546
4.479564 50.869539
4.479148 50.869529
4.478731 50.869517
4.478317 50.869506
