4.772812 50.904323
4.772619 50.904247
4.772427 50.904172
4.772234 50.904097
4.772041 50.904023
4.771843 50.903976
4.771645 50.903929
4.771432 50.903930
4.771218 50.903930
4.771029 50.903972
4.770840 50.904015
4.770695 50.904089
4.770550 50.904163
4.770426 50.904263
4.770303 50.904364
4.770196 50.904458
4.770089 50.904553
4.770030 50.904605
4.769971 50.904657
4.769912 50.904709
4.769853 50.904762
4.769916 50.904802
4.769980 50.904843
4.770043 50.904884
4.770107 50.904925
4.770170 50.904966
4.770315 50.905033
4.770460 50.905100
4.770606 50.905167
4.770758 50.905240
4.770910 50.905312
4.771004 50.905359
4.771097 50.905407
4.771191 50.905455
4.771127 50.905525
4.771064 50.905595
4.771000 50.905665
4.770937 50.905735
4.770809 50.905831
4.770681 50.905928
4.770540 50.906028
4.770399 50.906129
4.770242 50.906227
4.770086 50.906326
4.769919 50.906419
4.769752 50.906511
4.769581 50.906604
4.769410 50.906697
4.769233 50.906776
4.769056 50.906855
4.768860 50.906925
4.768663 50.906994
4.768456 50.907047
4.768249 50.907100
4.768044 50.907157
4.767838 50.907214
4.767620 50.907269
4.767403 50.907323
4.767206 50.907381
4.767009 50.907438
4.766807 50.907494
4.766606 50.907549
4.766403 50.907607
4.766200 50.907665
4.765997 50.907720
4.765794 50.907775
4.765597 50.907829
4.765400 50.907883
4.765195 50.907937
4.764991 50.907992
4.764815 50.908040
4.764639 50.908089
4.764468 50.908138
4.764298 50.908186
4.764139 50.908216
4.763981 50.908246
4.763823 50.908276
4.763651 50.908258
4.763479 50.908240
4.763307 50.908222
4.763125 50.908182
4.762944 50.908141
4.762757 50.908103
4.762571 50.908065
4.762378 50.908027
4.762185 50.907988
4.761992 50.907954
4.761798 50.907919
4.761604 50.907893
4.761409 50.907866
4.761220 50.907844
4.761031 50.907823
4.760847 50.907810
4.760663 50.907798
4.760487 50.907798
4.760311 50.907798
4.760135 50.907798
4.759970 50.907798
4.759805 50.907799
4.759640 50.907799
4.759477 50.907802
4.759314 50.907805
4.759151 50.907808
4.758985 50.907812
4.758818 50.907815
4.758651 50.907818
4.758479 50.907816
4.758307 50.907813
4.758134 50.907810
4.757962 50.907795
4.757790 50.907780
4.757618 50.907764
4.757448 50.907740
4.757277 50.907715
4.757106 50.907691
4.756937 50.907663
4.756768 50.907636
4.756599 50.907609
4.756433 50.907582
4.756267 50.907556
4.756101 50.907529
4.755982 50.907510
4.755864 50.907490
4.755746 50.907470
4.755609 50.907447
4.755473 50.907423
4.755336 50.907400
4.755174 50.907364
4.755013 50.907328
4.754852 50.907292
4.754696 50.907258
4.754541 50.907224
4.754385 50.907191
4.754237 50.907159
4.754090 50.907128
4.753942 50.907097
4.753800 50.907065
4.753658 50.907034
4.753516 50.907002
4.753370 50.906970
4.753225 50.906938
4.753079 50.906906
4.752929 50.906873
4.752778 50.906840
4.752628 50.906807
4.752477 50.906774
4.752327 50.906741
4.752176 50.906708
4.752018 50.906680
4.751861 50.906653
4.751703 50.906626
4.751544 50.906607
4.751385 50.906587
4.751226 50.906568
4.751068 50.906551
4.750909 50.906534
4.750751 50.906516
4.750596 50.906498
4.750440 50.906481
4.750284 50.906463
4.750128 50.906446
4.749972 50.906428
4.749816 50.906411
4.749662 50.906396
4.749508 50.906381
4.749354 50.906366
4.749204 50.906349
4.749053 50.906332
4.748902 50.906315
4.748752 50.906295
4.748603 50.906275
4.748453 50.906256
4.748308 50.906230
4.748163 50.906204
4.748018 50.906178
4.747876 50.906147
4.747733 50.906116
4.747590 50.906085
4.747443 50.906052
4.747295 50.906019
4.747147 50.905986
4.746996 50.905954
4.746846 50.905923
4.746695 50.905891
4.746545 50.905856
4.746395 50.905821
4.746245 50.905786
4.746093 50.905750
4.745941 50.905714
4.745788 50.905678
4.745626 50.905645
4.745464 50.905611
4.745302 50.905578
4.745137 50.905544
4.744973 50.905509
4.744808 50.905475
4.744649 50.905438
4.744489 50.905402
4.744330 50.905365
4.744177 50.905329
4.744023 50.905292
4.743869 50.905256
4.743712 50.905228
4.743555 50.905199
4.743398 50.905171
4.743237 50.905143
4.743076 50.905115
4.742916 50.905087
4.742753 50.905059
4.742591 50.905031
4.742429 50.905003
4.742269 50.904972
4.742110 50.904940
4.741951 50.904909
4.741798 50.904868
4.741646 50.904826
4.741493 50.904785
4.741363 50.904725
4.741232 50.904664
4.741101 50.904603
4.740962 50.904551
4.740822 50.904499
4.740682 50.904448
4.740553 50.904387
4.740423 50.904326
4.740293 50.904265
4.740172 50.904202
4.740050 50.904138
4.739929 50.904075
4.739818 50.904008
4.739707 50.903940
4.739596 50.903873
4.739480 50.903815
4.739364 50.903756
4.739248 50.903698
4.739144 50.903642
4.739039 50.903586
4.738935 50.903531
4.738875 50.903529
4.738816 50.903527
4.738756 50.903526
4.738696 50.903524
4.738637 50.903523
4.738577 50.903521
4.738561 50.903601
4.738544 50.903681
4.738528 50.903760
4.738497 50.903853
4.738466 50.903945
4.738436 50.904037
4.738367 50.904120
4.738298 50.904203
4.738229 50.904286
4.738102 50.904342
4.737975 50.904397
4.737848 50.904453
4.737719 50.904519
4.737589 50.904584
4.737460 50.904650
4.737323 50.904711
4.737186 50.904771
4.737049 50.904832
4.736896 50.904854
4.736743 50.904876
4.736589 50.904898
4.736442 50.904875
4.736295 50.904853
4.736148 50.904830
4.736037 50.904772
4.735925 50.904714
4.735814 50.904655
4.735717 50.904602
4.735620 50.904548
4.735524 50.904494
4.735417 50.904463
4.735310 50.904432
4.735203 50.904401
4.735097 50.904370
4.734997 50.904352
4.734898 50.904334
4.734799 50.904316
4.734699 50.904298
4.734598 50.904271
4.734497 50.904244
4.734397 50.904217
4.734296 50.904191
4.734185 50.904173
4.734073 50.904155
4.733962 50.904138
4.733850 50.904120
4.733740 50.904100
4.733629 50.904079
4.733519 50.904059
4.733408 50.904039
4.733309 50.904018
4.733210 50.903998
4.733112 50.903978
4.733013 50.903958
4.732909 50.903939
4.732805 50.903921
4.732701 50.903902
4.732597 50.903884
4.732490 50.903863
4.732383 50.903843
4.732276 50.903822
4.732169 50.903802
4.732068 50.903776
4.731966 50.903750
4.731865 50.903725
4.731764 50.903699
4.731659 50.903679
4.731555 50.903659
4.731450 50.903640
4.731345 50.903620
4.731238 50.903601
4.731131 50.903582
4.731024 50.903563
4.730917 50.903544
4.730814 50.903523
4.730711 50.903502
4.730608 50.903481
4.730505 50.903460
4.730395 50.903438
4.730285 50.903416
4.730175 50.903393
4.730065 50.903371
4.729951 50.903352
4.729837 50.903334
4.729723 50.903315
4.729609 50.903297
4.729505 50.903280
4.729400 50.903264
4.729295 50.903248
4.729190 50.903231
4.729076 50.903215
4.728962 50.903198
4.728847 50.903182
4.728733 50.903165
4.728616 50.903148
4.728499 50.903131
4.728382 50.903115
4.728265 50.903098
4.728142 50.903080
4.728020 50.903063
4.727897 50.903045
4.727781 50.903026
4.727666 50.903008
4.727551 50.902989
4.727440 50.902980
4.727330 50.902971
4.727219 50.902963
4.727109 50.902954
4.726996 50.902949
4.726884 50.902944
4.726772 50.902939
4.726660 50.902934
4.726551 50.902929
4.726443 50.902925
4.726335 50.902920
4.726227 50.902915
4.726227 50.902915
4.726227 50.902915
4.726227 50.902915
4.726227 50.902915
4.726227 50.902915
4.726227 50.902915
4.726227 50.902915
4.726227 50.902915
4.726160 50.902910
4.726081 50.902904
4.726003 50.902899
4.725924 50.902893
4.725845 50.902887
4.725748 50.902877
4.725652 50.902867
4.725555 50.902857
4.725458 50.902847
4.725349 50.902846
4.725240 50.902846
4.725131 50.902845
4.725022 50.902844
4.724925 50.902851
4.724828 50.902857
4.724731 50.902863
4.724634 50.902870
4.724552 50.902888
4.724469 50.902907
4.724387 50.902926
4.724304 50.902945
4.724222 50.902963
4.724184 50.902995
4.724146 50.903026
4.724108 50.903058
4.724070 50.903090
4.724032 50.903121
4.723994 50.903153
4.723994 50.903153
4.723994 50.903153
4.723994 50.903153
4.723994 50.903153
4.723994 50.903153
4.723994 50.903153
4.723994 50.903153
4.723994 50.903153
4.723994 50.903153
4.723994 50.903153
4.723994 50.903153
4.723994 50.903153
4.723994 50.903153
4.723994 50.903153
4.723994 50.903153
4.723994 50.903153
4.723994 50.903153
4.723994 50.903153
4.723994 50.903153
4.723994 50.903153
4.723994 50.903153
4.723994 50.903153
4.723994 50.903153
4.723994 50.903153
4.723994 50.903153
4.723994 50.903153
4.723994 50.903153
4.723994 50.903153
4.723994 50.903153
4.723994 50.903153
4.723994 50.903153
4.723994 50.903153
4.723994 50.903153
4.723994 50.903153
4.723994 50.903153
4.723994 50.903153
4.723994 50.903153
4.723994 50.903153
4.723946 50.903188
4.723895 50.903226
4.723843 50.903264
4.723792 50.903302
4.723740 50.903340
4.723659 50.903395
4.723577 50.903450
4.723495 50.903505
4.723413 50.903560
4.723326 50.903627
4.723239 50.903695
4.723153 50.903763
4.723069 50.903830
4.722985 50.903898
4.722901 50.903965
4.722829 50.904020
4.722757 50.904074
4.722684 50.904128
4.722612 50.904183
4.722567 50.904192
4.722522 50.904200
4.722477 50.904209
4.722432 50.904217
4.722387 50.904226
4.722342 50.904234
4.722297 50.904243
4.722252 50.904251
4.722163 50.904198
4.722073 50.904144
4.721984 50.904091
4.721889 50.904036
4.721795 50.903982
4.721700 50.903927
4.721596 50.903884
4.721492 50.903840
4.721388 50.903797
4.721275 50.903762
4.721161 50.903727
4.721048 50.903692
4.720941 50.903657
4.720834 50.903621
4.720727 50.903586
4.720627 50.903552
4.720528 50.903519
4.720428 50.903485
4.720329 50.903451
4.720280 50.903449
4.720231 50.903446
4.720182 50.903443
4.720133 50.903441
4.720084 50.903438
4.720035 50.903435
4.719987 50.903433
4.719938 50.903430
4.719911 50.903479
4.719884 50.903527
4.719857 50.903576
4.719831 50.903624
4.719804 50.903673
4.719837 50.903761
4.719870 50.903849
4.719902 50.903937
4.719914 50.904035
4.719926 50.904134
4.719937 50.904232
4.719916 50.904333
4.719895 50.904435
4.719873 50.904536
4.719821 50.904634
4.719768 50.904731
4.719715 50.904829
4.719629 50.904910
4.719542 50.904991
4.719456 50.905072
4.719353 50.905140
4.719249 50.905208
4.719146 50.905277
4.719024 50.905341
4.718902 50.905406
4.718780 50.905471
4.718634 50.905545
4.718488 50.905619
4.718342 50.905693
4.718160 50.905788
4.717978 50.905883
4.717805 50.905977
4.717631 50.906071
4.717486 50.906174
4.717341 50.906276
4.717225 50.906386
4.717108 50.906495
4.717004 50.906603
4.716900 50.906711
4.716801 50.906817
4.716703 50.906924
4.716601 50.907026
4.716500 50.907128
4.716398 50.907220
4.716295 50.907313
4.716167 50.907401
4.716039 50.907490
4.715889 50.907563
4.715740 50.907637
4.715608 50.907702
4.715477 50.907768
4.715345 50.907833
4.715243 50.907874
4.715140 50.907914
4.715038 50.907955
4.714905 50.907899
4.714772 50.907842
4.714639 50.907786
4.714510 50.907640
4.714380 50.907495
4.714203 50.907298
4.714027 50.907100
4.713810 50.906873
4.713548 50.906639
4.713235 50.906404
4.712899 50.906175
4.712549 50.905958
4.712189 50.905755
4.711816 50.905564
4.711436 50.905386
4.711054 50.905222
4.710668 50.905067
4.710286 50.904913
4.709907 50.904761
4.709532 50.904614
4.709155 50.904472
4.708780 50.904331
4.708406 50.904189
4.708035 50.904040
4.707659 50.903889
4.707276 50.903739
4.706883 50.903590
4.706480 50.903444
4.706074 50.903295
4.705667 50.903146
4.705263 50.902995
4.704857 50.902844
4.704450 50.902693
4.704037 50.902537
4.703616 50.902380
4.703192 50.902223
4.702763 50.902066
4.702332 50.901909
4.701903 50.901749
4.701472 50.901589
4.701043 50.901425
4.700622 50.901252
4.700206 50.901074
4.699797 50.900891
4.699398 50.900698
4.699011 50.900495
4.698630 50.900284
4.698260 50.900063
4.697896 50.899832
4.697533 50.899602
4.697176 50.899366
4.696820 50.899128
4.696466 50.898889
4.696113 50.898646
4.695765 50.898405
4.695413 50.898163
4.695062 50.897918
4.694709 50.897674
4.694357 50.897432
4.694004 50.897192
4.693655 50.896949
4.693302 50.896708
4.692942 50.896476
4.692575 50.896248
4.692195 50.896028
4.691803 50.895820
4.691398 50.895617
4.690985 50.895421
4.690563 50.895235
4.690135 50.895055
4.689702 50.894881
4.689266 50.894712
4.688826 50.894546
4.688385 50.894381
4.687948 50.894218
4.687505 50.894052
4.687064 50.893887
4.686625 50.893724
4.686189 50.893559
4.685752 50.893393
4.685316 50.893228
4.684879 50.893064
4.684443 50.892899
4.684008 50.892735
4.683569 50.892572
4.683134 50.892410
4.682696 50.892248
4.682261 50.892085
4.681832 50.891925
4.681401 50.891765
4.680975 50.891604
4.680559 50.891440
4.680157 50.891272
4.679760 50.891104
4.679375 50.890932
4.679014 50.890753
4.678673 50.890571
4.678357 50.890386
4.678056 50.890197
4.677769 50.890009
4.677496 50.889823
4.677231 50.889632
4.676980 50.889435
4.676742 50.889236
4.676514 50.889039
4.676293 50.888844
4.676086 50.888655
4.675888 50.888475
4.675690 50.888295
4.675506 50.888126
4.675322 50.887957
4.675149 50.887792
4.674976 50.887627
4.674816 50.887467
4.674655 50.887306
4.674505 50.887155
4.674356 50.887005
4.674221 50.886868
4.674086 50.886730
4.673968 50.886607
4.673850 50.886485
4.673746 50.886376
4.673641 50.886268
4.673555 50.886178
4.673469 50.886088
4.673383 50.885997
4.673331 50.885942
4.673278 50.885886
4.673225 50.885831
4.673173 50.885775
4.673173 50.885775
4.673173 50.885775
4.673173 50.885775
4.673173 50.885775
4.673173 50.885775
4.673173 50.885775
4.673173 50.885775
4.673173 50.885775
4.673173 50.885775
4.673173 50.885775
4.673173 50.885775
4.673142 50.885737
4.673106 50.885693
4.673069 50.885649
4.673033 50.885604
4.672997 50.885560
4.673052 50.885501
4.673108 50.885442
4.673163 50.885383
4.673218 50.885325
4.673312 50.885302
4.673405 50.885279
4.673498 50.885257
4.673592 50.885234
4.673592 50.885234
4.673592 50.885234
4.673592 50.885234
4.673592 50.885234
4.673592 50.885234
4.673592 50.885234
4.673592 50.885234
4.673636 50.885224
4.673710 50.885208
4.673785 50.885191
4.673860 50.885175
4.673935 50.885158
4.674039 50.885137
4.674143 50.885116
4.674247 50.885096
4.674351 50.885075
4.674505 50.885044
4.674659 50.885013
4.674812 50.884982
4.674979 50.884949
4.675145 50.884916
4.675312 50.884883
4.675491 50.884848
4.675671 50.884813
4.675850 50.884777
4.676030 50.884742
4.676201 50.884705
4.676372 50.884668
4.676532 50.884633
4.676693 50.884598
4.676853 50.884563
4.677009 50.884529
4.677166 50.884495
4.677323 50.884460
4.677495 50.884423
4.677666 50.884386
4.677840 50.884347
4.678013 50.884309
4.678189 50.884269
4.678365 50.884229
4.678546 50.884190
4.678728 50.884150
4.678911 50.884109
4.679093 50.884068
4.679279 50.884030
4.679464 50.883993
4.679647 50.883956
4.679830 50.883920
4.680010 50.883880
4.680189 50.883840
4.680366 50.883800
4.680543 50.883759
4.680718 50.883720
4.680892 50.883681
4.681060 50.883643
4.681228 50.883606
4.681397 50.883566
4.681566 50.883527
4.681717 50.883475
4.681867 50.883422
4.682018 50.883370
4.682149 50.883287
4.682280 50.883203
4.682408 50.883123
4.682535 50.883042
