4.459311 50.881605
4.459257 50.881734
4.459203 50.881863
4.459296 50.881964
4.459389 50.882064
4.459579 50.882070
4.459770 50.882076
4.459903 50.881977
4.460036 50.881879
4.460089 50.881736
4.460143 50.881593
4.460187 50.881451
4.460230 50.881309
4.460272 50.881180
4.460313 50.881051
4.460357 50.880930
4.460401 50.880810
4.460452 50.880690
4.460503 50.880570
4.460570 50.880462
4.460636 50.880353
4.460695 50.880262
4.460753 50.880172
4.460811 50.880081
4.460866 50.879993
4.460920 50.879906
4.460974 50.879818
4.461040 50.879724
4.461105 50.879629
4.461171 50.879535
4.461251 50.879434
4.461332 50.879332
4.461412 50.879231
4.461503 50.879126
4.461593 50.879022
4.461692 50.878913
4.461791 50.878805
4.461899 50.878689
4.462007 50.878574
4.462116 50.878452
4.462224 50.878330
4.462330 50.878192
4.462436 50.878055
4.462527 50.877899
4.462619 50.877743
4.462724 50.877579
4.462828 50.877415
4.462956 50.877231
4.463083 50.877048
4.463209 50.876865
4.463336 50.876682
4.463461 50.876503
4.463586 50.876325
4.463705 50.876152
4.463823 50.875980
4.463942 50.875805
4.464061 50.875631
4.464183 50.875453
4.464305 50.875275
4.464435 50.875097
4.464564 50.874919
4.464714 50.874729
4.464863 50.874539
4.465012 50.874334
4.465159 50.874123
4.465310 50.873904
4.465459 50.873687
4.465608 50.873472
4.465758 50.873253
4.465910 50.873033
4.466054 50.872826
4.466201 50.872615
4.466346 50.872405
4.466488 50.872193
4.466586 50.872008
4.466684 50.871822
4.466737 50.871648
4.466789 50.871474
4.466810 50.871322
4.466830 50.871170
4.466827 50.871031
4.466823 50.870891
4.466798 50.870744
4.466773 50.870597
4.466722 50.870440
4.466671 50.870282
4.466593 50.870127
4.466516 50.869971
4.466430 50.869811
4.466344 50.869651
4.466275 50.869479
4.466206 50.869307
4.466177 50.869125
4.466148 50.868943
4.466172 50.868763
4.466196 50.868583
4.466279 50.868401
4.466362 50.868218
4.466502 50.868054
4.466642 50.867890
4.466844 50.867746
4.467045 50.867603
4.467296 50.867496
4.467547 50.867388
4.467837 50.867320
4.468127 50.867251
4.468427 50.867229
4.468727 50.867207
4.469035 50.867233
4.469344 50.867259
4.469644 50.867330
4.469944 50.867401
4.470239 50.867512
4.470535 50.867624
4.470819 50.867760
4.471102 50.867896
4.471394 50.868047
4.471678 50.868195
4.471957 50.868339
4.472249 50.868485
4.472544 50.868612
4.472881 50.868723
4.473229 50.868803
4.473586 50.868858
4.473976 50.868898
4.474354 50.868929
4.474721 50.868955
4.475108 50.868981
4.475476 50.869008
4.475871 50.869036
4.476258 50.869064
4.476641 50.869093
4.477040 50.869122
4.477419 50.869149
4.477810 50.869176
4.478204 50.869199
4.478603 50.869218
4.479020 50.869236
4.479415 50.869251
4.479824 50.869266
4.480258 50.869279
4.480665 50.869287
4.481069 50.869292
4.481480 50.869294
4.481891 50.869296
4.482327 50.869301
4.482758 50.869309
4.483201 50.869316
4.483664 50.869321
4.484114 50.869324
4.484590 50.869324
4.485041 50.869324
4.485511 50.869326
4.486010 50.869332
4.486470 50.869342
4.486959 50.869352
4.487439 50.869358
4.487923 50.869359
4.488412 50.869358
4.488900 50.869357
4.489398 50.869356
4.489913 50.869354
4.490407 50.869351
4.490913 50.869344
4.491426 50.869333
4.491915 50.869325
4.492385 50.869320
4.492857 50.869319
4.493340 50.869318
4.493826 50.869318
4.494309 50.869317
4.494789 50.869317
4.495282 50.869316
4.495757 50.869317
4.496215 50.869321
4.496686 50.869331
4.497149 50.869340
4.497623 50.869344
4.498076 50.869345
4.498541 50.869346
4.499027 50.869347
4.499495 50.869346
4.499963 50.869345
4.500428 50.869344
4.500907 50.869344
4.501399 50.869344
4.501891 50.869346
4.502369 50.869348
4.502867 50.869346
4.503338 50.869342
4.503819 50.869336
4.504315 50.869329
4.504787 50.869324
4.505304 50.869320
4.505790 50.869319
4.506277 50.869318
4.506781 50.869317
4.507274 50.869317
4.507755 50.869316
4.508240 50.869317
4.508711 50.869323
4.509211 50.869332
4.509687 50.869341
4.510163 50.869346
4.510666 50.869347
4.511141 50.869346
4.511637 50.869347
4.512126 50.869346
4.512611 50.869345
4.513127 50.869344
4.513610 50.869344
4.514110 50.869344
4.514610 50.869344
4.515118 50.869344
4.515606 50.869344
4.516110 50.869343
4.516611 50.869343
4.517113 50.869341
4.517623 50.869340
4.518132 50.869339
4.518634 50.869338
4.519137 50.869337
4.519644 50.869336
4.520147 50.869335
4.520633 50.869335
4.521154 50.869335
4.521649 50.869335
4.522139 50.869335
4.522631 50.869334
4.523115 50.869333
4.523600 50.869332
4.524088 50.869332
4.524565 50.869331
4.525057 50.869331
4.525535 50.869330
4.526022 50.869329
4.526526 50.869328
4.527005 50.869326
4.527495 50.869325
4.527988 50.869324
4.528485 50.869325
4.528998 50.869323
4.529496 50.869322
4.529982 50.869322
4.530500 50.869322
4.530993 50.869322
4.531490 50.869321
4.531984 50.869320
4.532479 50.869319
4.533003 50.869318
4.533497 50.869317
4.533995 50.869316
4.534492 50.869318
4.534992 50.869318
4.535482 50.869317
4.535978 50.869315
4.536480 50.869311
4.536977 50.869303
4.537480 50.869294
4.537978 50.869287
4.538493 50.869284
4.538982 50.869282
4.539487 50.869280
4.539981 50.869277
4.540485 50.869275
4.540989 50.869274
4.541493 50.869272
4.541987 50.869270
4.542497 50.869267
4.542995 50.869265
4.543488 50.869262
4.543981 50.869258
4.544482 50.869255
4.544994 50.869251
4.545505 50.869246
4.545991 50.869240
4.546521 50.869233
4.547012 50.869225
4.547510 50.869215
4.548015 50.869205
4.548517 50.869193
4.549029 50.869182
4.549523 50.869170
4.550023 50.869158
4.550533 50.869144
4.551036 50.869128
4.551528 50.869112
4.552025 50.869094
4.552518 50.869075
4.553028 50.869054
4.553515 50.869033
4.554005 50.869010
4.554518 50.868985
4.555016 50.868959
4.555519 50.868932
4.556009 50.868904
4.556509 50.868873
4.557024 50.868840
4.557519 50.868808
4.558014 50.868774
4.558512 50.868741
4.559016 50.868708
4.559494 50.868679
4.559992 50.868647
4.560483 50.868612
4.560988 50.868572
4.561465 50.868530
4.561949 50.868481
4.562448 50.868426
4.562918 50.868373
4.563398 50.868318
4.563878 50.868267
4.564352 50.868216
4.564839 50.868163
4.565315 50.868111
4.565794 50.868057
4.566272 50.868002
4.566741 50.867947
4.567213 50.867890
4.567678 50.867832
4.568143 50.867773
4.568612 50.867712
4.569075 50.867650
4.569538 50.867588
4.570014 50.867522
4.570475 50.867458
4.570925 50.867393
4.571377 50.867323
4.571837 50.867249
4.572304 50.867172
4.572757 50.867097
4.573193 50.867029
4.573655 50.866957
4.574106 50.866887
4.574554 50.866817
4.574984 50.866749
4.575420 50.866679
4.575854 50.866610
4.576272 50.866543
4.576680 50.866478
4.577089 50.866413
4.577480 50.866352
4.577873 50.866295
4.578260 50.866240
4.578648 50.866186
4.579041 50.866129
4.579417 50.866070
4.579795 50.866009
4.580178 50.865946
4.580546 50.865886
4.580909 50.865825
4.581266 50.865765
4.581619 50.865704
4.581969 50.865645
4.582307 50.865589
4.582644 50.865533
4.583006 50.865473
4.583353 50.865415
4.583689 50.865359
4.584024 50.865303
4.584350 50.865249
4.584675 50.865195
4.584987 50.865143
4.585298 50.865090
4.585586 50.865041
4.585874 50.864992
4.586115 50.864953
4.586356 50.864913
4.586552 50.864880
4.586749 50.864847
4.586917 50.864819
4.587086 50.864791
4.587255 50.864762
4.587395 50.864739
4.587536 50.864716
4.587676 50.864692
4.587785 50.864674
4.587895 50.864656
4.588004 50.864637
4.588114 50.864619
4.588231 50.864599
4.588347 50.864580
4.588464 50.864560
4.588567 50.864543
4.588670 50.864526
4.588772 50.864509
4.588875 50.864491
4.588980 50.864476
4.589084 50.864461
4.589188 50.864446
4.589293 50.864431
4.589389 50.864417
4.589485 50.864402
4.589582 50.864388
4.589678 50.864374
4.589762 50.864359
4.589845 50.864344
4.589929 50.864329
4.590012 50.864314
4.590096 50.864299
4.590203 50.864280
4.590311 50.864261
4.590418 50.864242
4.590526 50.864223
4.590641 50.864205
4.590757 50.864188
4.590873 50.864170
4.590988 50.864152
4.591099 50.864135
4.591209 50.864118
4.591319 50.864101
4.591430 50.864084
4.591533 50.864069
4.591636 50.864053
4.591740 50.864037
4.591843 50.864021
4.591915 50.864008
4.591986 50.863995
4.592058 50.863981
4.592129 50.863968
4.592201 50.863955
4.592244 50.863946
4.592286 50.863938
4.592329 50.863930
4.592372 50.863921
4.592415 50.863913
4.592457 50.863905
4.592500 50.863896
4.592543 50.863888
4.592585 50.863879
4.592644 50.863869
4.592703 50.863858
4.592762 50.863848
4.592821 50.863837
4.592879 50.863827
4.592938 50.863816
4.593015 50.863804
4.593091 50.863792
4.593168 50.863780
4.593245 50.863768
4.593321 50.863755
4.593422 50.863739
4.593523 50.863722
4.593623 50.863706
4.593724 50.863689
4.593824 50.863672
4.593924 50.863654
4.594024 50.863637
4.594124 50.863619
4.594213 50.863603
4.594301 50.863588
4.594390 50.863572
4.594479 50.863557
4.594568 50.863542
4.594658 50.863527
4.594747 50.863512
4.594837 50.863497
4.594924 50.863484
4.595010 50.863471
4.595097 50.863458
4.595184 50.863445
4.595262 50.863432
4.595341 50.863418
4.595420 50.863405
4.595499 50.863392
4.595578 50.863379
4.595666 50.863364
4.595754 50.863350
4.595842 50.863336
4.595930 50.863321
4.596017 50.863307
4.596104 50.863292
4.596192 50.863278
4.596279 50.863263
4.596352 50.863250
4.596426 50.863237
4.596499 50.863224
4.596572 50.863211
4.596645 50.863198
4.596731 50.863184
4.596816 50.863169
4.596902 50.863155
4.596988 50.863141
4.597073 50.863126
4.597158 50.863112
4.597244 50.863098
4.597329 50.863084
4.597414 50.863070
4.597499 50.863056
4.597602 50.863039
4.597704 50.863022
4.597806 50.863005
4.597908 50.862988
4.598019 50.862970
4.598131 50.862952
4.598242 50.862934
4.598353 50.862916
4.598476 50.862896
4.598599 50.862876
4.598722 50.862856
4.598843 50.862836
4.598964 50.862816
4.599084 50.862797
4.599199 50.862777
4.599314 50.862758
4.599429 50.862739
4.599562 50.862717
4.599695 50.862694
4.599827 50.862672
4.599960 50.862649
4.600097 50.862628
4.600234 50.862606
4.600371 50.862584
4.600495 50.862564
4.600619 50.862543
4.600743 50.862522
4.600877 50.862500
4.601012 50.862478
4.601146 50.862456
4.601284 50.862433
4.601421 50.862411
4.601559 50.862389
4.601678 50.862368
4.601797 50.862347
4.601916 50.862327
4.602017 50.862311
4.602118 50.862295
4.602219 50.862279
4.602321 50.862263
4.602424 50.862246
4.602528 50.862230
4.602632 50.862213
4.602736 50.862196
4.602854 50.862177
4.602971 50.862157
4.603089 50.862138
4.603207 50.862119
4.603356 50.862096
4.603505 50.862074
4.603655 50.862052
4.603815 50.862026
4.603975 50.862000
4.604135 50.861975
4.604286 50.861951
4.604437 50.861927
4.604588 50.861903
4.604737 50.861879
4.604885 50.861856
4.605034 50.861832
4.605190 50.861809
4.605346 50.861786
4.605502 50.861764
4.605655 50.861742
4.605808 50.861721
4.605961 50.861699
4.606103 50.861679
4.606245 50.861659
4.606387 50.861640
4.606541 50.861618
4.606695 50.861596
4.606850 50.861575
4.607006 50.861552
4.607163 50.861529
4.607319 50.861506
4.607482 50.861483
4.607645 50.861460
4.607809 50.861436
4.607981 50.861413
4.608153 50.861389
4.608326 50.861366
4.608497 50.861344
4.608669 50.861323
4.608840 50.861301
4.609013 50.861277
4.609185 50.861254
4.609358 50.861230
4.609536 50.861207
4.609714 50.861183
4.609895 50.861160
4.610076 50.861137
4.610262 50.861113
4.610447 50.861089
4.610635 50.861066
4.610822 50.861042
4.611014 50.861017
4.611205 50.860992
4.611398 50.860965
4.611590 50.860939
4.611782 50.860912
4.611975 50.860885
4.612166 50.860859
4.612357 50.860834
4.612559 50.860807
4.612761 50.860780
4.612983 50.860750
4.613205 50.860721
4.613436 50.860689
4.613667 50.860658
4.613907 50.860625
4.614148 50.860593
4.614389 50.860562
4.614631 50.860531
4.614882 50.860497
4.615132 50.860464
4.615398 50.860423
4.615663 50.860382
4.615938 50.860344
4.616213 50.860306
4.616495 50.860269
4.616778 50.860232
4.617077 50.860190
4.617377 50.860149
4.617717 50.860099
4.618057 50.860049
4.618403 50.859992
4.618749 50.859937
4.619084 50.859887
4.619419 50.859837
4.619734 50.859785
4.620049 50.859734
4.620359 50.859685
4.620670 50.859636
4.620971 50.859585
4.621273 50.859534
4.621605 50.859488
4.621937 50.859442
4.622293 50.859392
4.622648 50.859341
4.622990 50.859294
4.623332 50.859246
4.623660 50.859202
4.623988 50.859158
4.624309 50.859117
4.624629 50.859076
4.624939 50.859033
4.625249 50.858991
4.625554 50.858948
4.625858 50.858905
4.626162 50.858863
4.626467 50.858820
4.626770 50.858779
4.627074 50.858737
4.627373 50.858697
4.627672 50.858656
4.627958 50.858617
4.628244 50.858578
4.628509 50.858538
4.628774 50.858498
4.629009 50.858461
4.629244 50.858423
4.629453 50.858389
4.629662 50.858355
4.629856 50.858322
4.630051 50.858290
4.630241 50.858260
4.630431 50.858230
4.630623 50.858200
4.630814 50.858171
4.631005 50.858143
4.631195 50.858116
4.631389 50.858086
4.631583 50.858056
4.631791 50.858027
4.631999 50.857998
4.632224 50.857967
4.632449 50.857937
4.632679 50.857907
4.632909 50.857877
4.633139 50.857846
4.633368 50.857815
4.633592 50.857783
4.633816 50.857751
4.634037 50.857720
4.634258 50.857689
4.634481 50.857656
4.634704 50.857623
4.634924 50.857585
4.635145 50.857547
4.635366 50.857503
4.635586 50.857460
4.635817 50.857404
4.636048 50.857348
4.636280 50.857263
4.636512 50.857177
4.636733 50.857054
4.636955 50.856931
4.637157 50.856778
4.637359 50.856625
4.637529 50.856449
4.637699 50.856273
4.637854 50.856089
4.638010 50.855906
4.638180 50.855753
4.638351 50.855599
4.638552 50.855489
4.638753 50.855379
4.638979 50.855319
4.639206 50.855258
4.639444 50.855250
4.639682 50.855243
4.639914 50.855293
4.640146 50.855343
4.640345 50.855449
4.640543 50.855555
4.640705 50.855699
4.640866 50.855844
4.640998 50.856009
4.641131 50.856174
4.641248 50.856342
4.641366 50.856509
4.641494 50.856680
4.641621 50.856851
4.641781 50.857040
4.641942 50.857229
4.642132 50.857427
4.642316 50.857622
4.642501 50.857816
4.642702 50.858020
4.642910 50.858229
4.643128 50.858441
4.643356 50.858655
4.643586 50.858871
4.643821 50.859088
4.644062 50.859309
4.644306 50.859536
4.644541 50.859771
4.644770 50.860015
4.644998 50.860265
4.645232 50.860516
4.645479 50.860767
4.645732 50.861016
4.645999 50.861273
4.646273 50.861532
4.646552 50.861790
4.646831 50.862045
4.647113 50.862301
4.647396 50.862557
4.647675 50.862811
4.647948 50.863064
4.648230 50.863320
4.648508 50.863574
4.648777 50.863823
4.649043 50.864069
4.649303 50.864309
4.649561 50.864547
4.649818 50.864784
4.650077 50.865020
4.650339 50.865257
4.650601 50.865495
4.650860 50.865731
4.651118 50.865968
4.651375 50.866205
4.651628 50.866438
4.651880 50.866669
4.652126 50.866899
4.652365 50.867124
4.652596 50.867346
4.652813 50.867561
4.653020 50.867777
4.653219 50.867995
4.653410 50.868216
4.653589 50.868443
4.653748 50.868670
4.653894 50.868906
4.654028 50.869150
4.654153 50.869402
4.654275 50.869660
4.654389 50.869922
4.654498 50.870185
4.654598 50.870447
4.654692 50.870707
4.654781 50.870970
4.654876 50.871243
4.654979 50.871526
4.655085 50.871819
4.655204 50.872113
4.655330 50.872406
4.655468 50.872698
4.655620 50.872988
4.655792 50.873271
4.655980 50.873550
4.656181 50.873826
4.656402 50.874096
4.656642 50.874360
4.656903 50.874616
4.657182 50.874865
4.657480 50.875109
4.657791 50.875346
4.658109 50.875578
4.658436 50.875804
4.658777 50.876020
4.659127 50.876227
4.659490 50.876425
4.659865 50.876615
4.660246 50.876796
4.660638 50.876967
4.661035 50.877127
4.661442 50.877277
4.661847 50.877418
4.662251 50.877556
4.662657 50.877688
4.663063 50.877821
4.663467 50.877952
4.663857 50.878079
4.664253 50.878210
4.664639 50.878340
4.665020 50.878469
4.665396 50.878603
4.665768 50.878745
4.666130 50.878898
4.666485 50.879056
4.666839 50.879216
4.667188 50.879384
4.667531 50.879556
4.667872 50.879737
4.668208 50.879929
4.668532 50.880130
4.668850 50.880338
4.669155 50.880555
4.669452 50.880774
4.669737 50.880997
4.670014 50.881225
4.670281 50.881457
4.670539 50.881692
4.670790 50.881931
4.671033 50.882173
4.671271 50.882419
4.671505 50.882669
4.671733 50.882923
4.671957 50.883184
4.672178 50.883448
4.672396 50.883712
4.672613 50.883977
4.672831 50.884241
4.673056 50.884503
4.673273 50.884768
4.673485 50.885036
4.673697 50.885308
4.673904 50.885582
4.674108 50.885862
4.674307 50.886145
4.674502 50.886429
4.674704 50.886712
4.674918 50.886993
4.675136 50.887272
4.675359 50.887550
4.675591 50.887823
4.675831 50.888096
4.676081 50.888365
4.676349 50.888630
4.676637 50.888884
4.676937 50.889133
4.677244 50.889380
4.677560 50.889619
4.677884 50.889850
4.678223 50.890071
4.678571 50.890284
4.678929 50.890492
4.679298 50.890690
4.679677 50.890883
4.680060 50.891071
4.680450 50.891254
4.680846 50.891434
4.681252 50.891608
4.681665 50.891774
4.682083 50.891937
4.682505 50.892098
4.682928 50.892258
4.683351 50.892417
4.683771 50.892575
4.684192 50.892732
4.684619 50.892886
4.685049 50.893040
4.685480 50.893193
4.685910 50.893348
4.686336 50.893502
4.686760 50.893658
4.687187 50.893817
4.687613 50.893976
4.688041 50.894132
4.688470 50.894292
4.688894 50.894452
4.689320 50.894613
4.689749 50.894772
4.690172 50.894935
4.690590 50.895109
4.690999 50.895289
4.691400 50.895475
4.691788 50.895671
4.692167 50.895875
4.692533 50.896088
4.692886 50.896309
4.693227 50.896539
4.693567 50.896771
4.693904 50.897006
4.694241 50.897241
4.694576 50.897477
4.694912 50.897711
4.695250 50.897943
4.695585 50.898175
4.695919 50.898408
4.696257 50.898638
4.696594 50.898867
4.696932 50.899092
4.697273 50.899313
4.697623 50.899529
4.697971 50.899744
4.698319 50.899957
4.698671 50.900162
4.699033 50.900358
4.699407 50.900544
4.699786 50.900723
4.700173 50.900895
4.700566 50.901061
4.700965 50.901219
4.701362 50.901373
4.701763 50.901523
4.702165 50.901672
4.702566 50.901822
4.702967 50.901970
4.703369 50.902120
4.703768 50.902265
4.704165 50.902412
4.704567 50.902557
4.704965 50.902705
4.705365 50.902853
4.705763 50.903004
4.706160 50.903154
4.706555 50.903303
4.706956 50.903453
4.707356 50.903602
4.707754 50.903748
4.708148 50.903896
4.708545 50.904044
4.708945 50.904190
4.709345 50.904337
4.709741 50.904484
4.710130 50.904628
4.710513 50.904771
4.710893 50.904909
4.711270 50.905045
4.711630 50.905188
4.711976 50.905336
4.712299 50.905491
4.712602 50.905645
4.712899 50.905783
4.713190 50.905869
4.713480 50.905955
4.713748 50.905986
4.714017 50.906016
4.714291 50.906033
4.714566 50.906049
4.714830 50.906069
4.715094 50.906088
4.715343 50.906119
4.715591 50.906150
4.715816 50.906201
4.716041 50.906252
4.716225 50.906311
4.716410 50.906371
4.716513 50.906413
4.716616 50.906456
4.716719 50.906498
4.716787 50.906481
4.716856 50.906464
4.716925 50.906446
4.716994 50.906429
4.717062 50.906411
4.717173 50.906320
4.717283 50.906228
4.717429 50.906135
4.717575 50.906042
4.717738 50.905953
4.717902 50.905864
4.718069 50.905777
4.718237 50.905691
4.718409 50.905605
4.718581 50.905519
4.718751 50.905432
4.718920 50.905346
4.719074 50.905257
4.719228 50.905169
4.719357 50.905073
4.719486 50.904976
4.719585 50.904866
4.719685 50.904756
4.719748 50.904638
4.719811 50.904520
4.719840 50.904398
4.719870 50.904277
4.719865 50.904163
4.719860 50.904049
4.719825 50.903957
4.719789 50.903866
4.719754 50.903775
4.719694 50.903726
4.719635 50.903678
4.719576 50.903630
4.719516 50.903581
4.719527 50.903536
4.719538 50.903491
4.719549 50.903446
4.719560 50.903401
4.719571 50.903356
4.719687 50.903352
4.719803 50.903348
4.719919 50.903344
4.720035 50.903341
4.720187 50.903379
4.720338 50.903417
4.720490 50.903455
4.720649 50.903508
4.720807 50.903560
4.720960 50.903611
4.721112 50.903662
4.721265 50.903713
4.721402 50.903764
4.721539 50.903815
4.721677 50.903866
4.721785 50.903926
4.721894 50.903987
4.722003 50.904048
4.722076 50.904090
4.722149 50.904132
4.722222 50.904174
4.722295 50.904217
4.722370 50.904189
4.722445 50.904160
4.722520 50.904132
4.722595 50.904104
4.722670 50.904076
4.722756 50.904021
4.722842 50.903965
4.722928 50.903909
4.723013 50.903841
4.723097 50.903773
4.723182 50.903705
4.723262 50.903636
4.723341 50.903568
4.723421 50.903499
4.723517 50.903437
4.723612 50.903375
4.723708 50.903313
4.723795 50.903250
4.723882 50.903188
4.723969 50.903125
4.724044 50.903074
4.724118 50.903022
4.724193 50.902971
4.724267 50.902920
4.724386 50.902894
4.724505 50.902869
4.724623 50.902844
4.724743 50.902835
4.724862 50.902827
4.724981 50.902818
4.725116 50.902824
4.725250 50.902829
4.725385 50.902835
4.725497 50.902840
4.725609 50.902846
4.725721 50.902852
4.725833 50.902857
4.725910 50.902867
4.725987 50.902876
4.726064 50.902885
4.726141 50.902894
4.726217 50.902904
4.726339 50.902910
4.726461 50.902916
4.726583 50.902922
4.726706 50.902924
4.726828 50.902926
4.726950 50.902928
4.727067 50.902932
4.727184 50.902937
4.727301 50.902941
4.727419 50.902945
4.727528 50.902958
4.727637 50.902970
4.727747 50.902983
4.727856 50.902995
4.727938 50.903013
4.728021 50.903031
4.728104 50.903048
4.728186 50.903066
4.728269 50.903084
4.728385 50.903102
4.728502 50.903120
4.728619 50.903139
4.728737 50.903155
4.728855 50.903172
4.728973 50.903189
4.729086 50.903200
4.729199 50.903211
4.729312 50.903221
4.729425 50.903232
4.729533 50.903252
4.729640 50.903272
4.729748 50.903292
4.729856 50.903311
4.729953 50.903336
4.730051 50.903361
4.730149 50.903385
4.730246 50.903410
4.730339 50.903424
4.730432 50.903438
4.730525 50.903452
4.730619 50.903466
4.730717 50.903486
4.730815 50.903507
4.730914 50.903528
4.731012 50.903549
4.731105 50.903569
4.731198 50.903589
4.731291 50.903610
4.731384 50.903630
4.731471 50.903646
4.731558 50.903663
4.731645 50.903679
4.731731 50.903695
4.731822 50.903711
4.731912 50.903728
4.732003 50.903744
4.732093 50.903760
4.732093 50.903760
4.732093 50.903760
4.732093 50.903760
4.732093 50.903760
4.732093 50.903760
4.732093 50.903760
4.732093 50.903760
4.732108 50.903763
4.732183 50.903780
4.732257 50.903796
4.732332 50.903813
4.732407 50.903830
4.732482 50.903846
4.732574 50.903868
4.732666 50.903890
4.732758 50.903912
4.732850 50.903934
4.732970 50.903955
4.733090 50.903976
4.733210 50.903997
4.733332 50.904017
4.733454 50.904037
4.733576 50.904057
4.733692 50.904078
4.733808 50.904099
4.733924 50.904120
4.734034 50.904141
4.734144 50.904162
4.734254 50.904182
4.734364 50.904203
4.734464 50.904223
4.734563 50.904243
4.734663 50.904263
4.734762 50.904283
4.734869 50.904307
4.734975 50.904331
4.735082 50.904355
4.735188 50.904379
4.735300 50.904406
4.735411 50.904433
4.735523 50.904460
4.735608 50.904503
4.735692 50.904545
4.735777 50.904588
4.735862 50.904631
4.735946 50.904672
4.736030 50.904714
4.736113 50.904756
4.736197 50.904798
4.736300 50.904814
4.736403 50.904830
4.736505 50.904846
4.736608 50.904863
4.736709 50.904849
4.736810 50.904835
4.736911 50.904821
4.737011 50.904808
4.737073 50.904782
4.737134 50.904757
4.737196 50.904731
4.737257 50.904706
4.737319 50.904680
4.737375 50.904655
4.737432 50.904630
4.737488 50.904605
4.737545 50.904581
4.737601 50.904556
4.737658 50.904531
4.737714 50.904506
4.737835 50.904451
4.737955 50.904396
4.738075 50.904341
4.738169 50.904266
4.738263 50.904191
4.738357 50.904116
4.738392 50.904022
4.738428 50.903927
4.738463 50.903833
4.738491 50.903741
4.738519 50.903649
4.738547 50.903557
4.738588 50.903548
4.738629 50.903538
4.738670 50.903529
4.738710 50.903519
4.738751 50.903510
4.738792 50.903501
4.738833 50.903491
4.738874 50.903482
4.738915 50.903472
4.739041 50.903542
4.739167 50.903612
4.739294 50.903681
4.739414 50.903749
4.739534 50.903817
4.739655 50.903885
4.739768 50.903949
4.739880 50.904013
4.739993 50.904076
4.740103 50.904143
4.740213 50.904209
4.740323 50.904276
4.740449 50.904331
4.740576 50.904386
4.740702 50.904441
4.740828 50.904491
4.740954 50.904541
4.741081 50.904592
4.741202 50.904641
4.741323 50.904690
4.741443 50.904739
4.741576 50.904781
4.741708 50.904823
4.741840 50.904865
4.741983 50.904892
4.742126 50.904919
4.742268 50.904946
4.742410 50.904976
4.742552 50.905007
4.742694 50.905037
4.742842 50.905063
4.742989 50.905088
4.743137 50.905114
4.743287 50.905141
4.743438 50.905167
4.743588 50.905194
4.743736 50.905227
4.743883 50.905259
4.744030 50.905291
4.744173 50.905326
4.744315 50.905360
4.744458 50.905394
4.744612 50.905427
4.744766 50.905461
4.744919 50.905494
4.745089 50.905527
4.745259 50.905560
4.745429 50.905593
4.745590 50.905629
4.745751 50.905665
4.745912 50.905701
4.746067 50.905734
4.746223 50.905768
4.746378 50.905801
4.746524 50.905831
4.746670 50.905860
4.746816 50.905890
4.746962 50.905928
4.747109 50.905965
4.747255 50.906002
4.747408 50.906032
4.747560 50.906062
4.747713 50.906092
4.747869 50.906126
4.748025 50.906159
4.748182 50.906193
4.748337 50.906217
4.748493 50.906242
4.748649 50.906267
4.748809 50.906282
4.748969 50.906298
4.749129 50.906313
4.749289 50.906329
4.749449 50.906346
4.749609 50.906362
4.749770 50.906378
4.749930 50.906395
4.750090 50.906411
4.750254 50.906427
4.750417 50.906443
4.750581 50.906458
4.750744 50.906475
4.750908 50.906492
4.751071 50.906508
4.751234 50.906525
4.751396 50.906542
4.751559 50.906559
4.751715 50.906585
4.751871 50.906611
4.752027 50.906637
4.752178 50.906670
4.752329 50.906702
4.752480 50.906735
4.752626 50.906768
4.752772 50.906801
4.752918 50.906834
4.753062 50.906868
4.753206 50.906902
4.753350 50.906935
4.753496 50.906968
4.753641 50.907000
4.753786 50.907032
4.753930 50.907065
4.754074 50.907097
4.754219 50.907130
4.754363 50.907162
4.754508 50.907194
4.754652 50.907226
4.754795 50.907258
4.754937 50.907289
4.755080 50.907321
4.755225 50.907351
4.755370 50.907382
4.755516 50.907413
4.755666 50.907439
4.755817 50.907465
4.755968 50.907491
4.756126 50.907515
4.756284 50.907538
4.756442 50.907561
4.756596 50.907586
4.756751 50.907611
4.756906 50.907636
4.757059 50.907660
4.757212 50.907685
4.757364 50.907710
4.757521 50.907729
4.757677 50.907749
4.757833 50.907768
4.757998 50.907778
4.758163 50.907788
4.758328 50.907798
4.758492 50.907799
4.758657 50.907799
4.758822 50.907799
4.758988 50.907795
4.759155 50.907790
4.759321 50.907785
4.759489 50.907781
4.759656 50.907778
4.759824 50.907774
4.759967 50.907771
4.760110 50.907767
4.760252 50.907764
4.760298 50.907763
4.760344 50.907763
4.760390 50.907763
4.760436 50.907763
4.760482 50.907762
4.760528 50.907762
4.760574 50.907762
4.760620 50.907762
4.760738 50.907771
4.760857 50.907779
4.760975 50.907788
4.761097 50.907801
4.761219 50.907814
4.761340 50.907827
4.761508 50.907848
4.761675 50.907868
4.761842 50.907888
4.762023 50.907919
4.762204 50.907951
4.762384 50.907988
4.762564 50.908026
4.762735 50.908062
4.762907 50.908099
4.763076 50.908137
4.763246 50.908175
4.763418 50.908204
4.763591 50.908233
4.763763 50.908227
4.763935 50.908222
4.764107 50.908216
4.764277 50.908176
4.764448 50.908136
4.764633 50.908087
4.764817 50.908038
4.765014 50.907988
4.765210 50.907938
4.765404 50.907884
4.765599 50.907830
4.765789 50.907769
4.765979 50.907708
4.766171 50.907654
4.766364 50.907600
4.766555 50.907548
4.766747 50.907496
4.766937 50.907446
4.767127 50.907395
4.767291 50.907351
4.767455 50.907307
4.767619 50.907263
4.767792 50.907212
4.767965 50.907161
4.768142 50.907110
4.768319 50.907059
4.768501 50.907001
4.768682 50.906942
4.768858 50.906872
4.769033 50.906801
4.769201 50.906722
4.769369 50.906643
4.769530 50.906561
4.769691 50.906480
4.769844 50.906396
4.769998 50.906312
4.770142 50.906227
4.770286 50.906143
4.770417 50.906058
4.770548 50.905974
4.770666 50.905890
4.770785 50.905805
4.770880 50.905734
4.770975 50.905662
4.771070 50.905590
4.771042 50.905544
4.771013 50.905497
4.770984 50.905450
4.770956 50.905404
4.770927 50.905357
4.770761 50.905287
4.770595 50.905217
4.770425 50.905138
4.770255 50.905059
4.770126 50.905001
4.769996 50.904944
4.769867 50.904886
4.769884 50.904828
4.769901 50.904770
4.769918 50.904712
4.769936 50.904654
4.769953 50.904596
4.770074 50.904493
4.770194 50.904390
4.770318 50.904288
4.770441 50.904185
4.770584 50.904100
4.770727 50.904016
4.770892 50.903965
4.771057 50.903914
4.771234 50.903896
4.771411 50.903878
4.771606 50.903900
4.771801 50.903921
4.771994 50.903985
4.772189 50.904048
4.772389 50.904126
4.772590 50.904203
4.772791 50.904277
4.772992 50.904352
