4.7728120 50.9048658
4.7729888 50.9048541
4.7731579 50.9048194
4.7733121 50.9047632
4.7734446 50.9046880
4.7735498 50.9045970
4.7736231 50.9044942
4.7736613 50.9043839
4.7736628 50.9042710
4.7736275 50.9041604
4.7735569 50.9040568
4.7734541 50.9039647
4.7733235 50.9038881
4.7731708 50.9038304
4.7730026 50.9037939
4.7728262 50.9037803
4.7726491 50.9037902
4.7724791 50.9038231
4.7723235 50.9038776
4.7721890 50.9039514
4.7720814 50.9040413
4.7720055 50.9041433
4.7719644 50.9042531
4.7719600 50.9043660
4.7719924 50.9044770
4.7720603 50.9045813
4.7721607 50.9046744
4.7722892 50.9047524
4.7724404 50.9048118
4.7726076 50.9048500
4.7727836 50.9048655
4.7729609 50.9048575
4.7731318 50.9048264
4.7732888 50.9047735
4.7734252 50.9047011
4.7735351 50.9046124
4.7736137 50.9045112
4.7736576 50.9044018
4.7736650 50.9042890
4.7736355 50.9041777
4.7735704 50.9040727
4.7734724 50.9039785
4.7733459 50.9038992
4.7731964 50.9038382
4.7730302 50.9037982
4.7728545 50.9037809
4.7726771 50.9037870
4.7725054 50.9038163
4.7723470 50.9038676
4.7722088 50.9039385
4.7720966 50.9040260
4.7720153 50.9041264
4.7719685 50.9042353
4.7719582 50.9043480
4.7719848 50.9044596
4.7720472 50.9045653
4.7721427 50.9046605
4.7722671 50.9047412
4.7724150 50.9048037
4.7725802 50.9048454
4.7727553 50.9048646
4.7729329 50.9048603
4.7731053 50.9048328
4.7732650 50.9047833
4.7734051 50.9047138
4.7735196 50.9046275
4.7736034 50.9045279
4.7736531 50.9044196
4.7736663 50.9043070
4.7736426 50.9041951
4.7735830 50.9040888
4.7734901 50.9039926
4.7733678 50.9039106
4.7732215 50.9038466
4.7730575 50.9038031
4.7728828 50.9037821
4.7727051 50.9037845
4.7725320 50.9038102
4.7723711 50.9038580
4.7722292 50.9039260
4.7721125 50.9040111
4.7720260 50.9041097
4.7719736 50.9042176
4.7719574 50.9043300
4.7719781 50.9044421
4.7720350 50.9045491
4.7721254 50.9046462
4.7722455 50.9047294
4.7723901 50.9047951
4.7725530 50.9048403
4.7727271 50.9048631
4.7729048 50.9048626
4.7730785 50.9048387
4.7732407 50.9047926
4.7733844 50.9047261
4.7735033 50.9046422
4.7735923 50.9045445
4.7736476 50.9044372
4.7736667 50.9043250
4.7736489 50.9042127
4.7735948 50.9041052
4.7735070 50.9040070
4.7733890 50.9039226
4.7732462 50.9038555
4.7730845 50.9038085
4.7729110 50.9037839
4.7727333 50.9037825
4.7725590 50.9038045
4.7723956 50.9038490
4.7722502 50.9039139
4.7721292 50.9039966
4.7720376 50.9040933
4.7719795 50.9042000
4.7719575 50.9043120
4.7719724 50.9044245
4.7720236 50.9045326
4.7721089 50.9046316
4.7722246 50.9047173
4.7723657 50.9047859
4.7725261 50.9048345
4.7726989 50.9048610
4.7728765 50.9048642
4.7730514 50.9048441
4.7732159 50.9048013
4.7733630 50.9047379
4.7734862 50.9046566
4.7735803 50.9045608
4.7736411 50.9044548
4.7736661 50.9043430
4.7736542 50.9042304
4.7736058 50.9041218
4.7735231 50.9040219
4.7734096 50.9039350
4.7732703 50.9038649
4.7731112 50.9038146
4.7729392 50.9037863
4.7727616 50.9037812
4.7725862 50.9037995
4.7724206 50.9038405
4.7722719 50.9039023
4.7721466 50.9039823
4.7720500 50.9040771
4.7719864 50.9041825
4.7719585 50.9042940
4.7719675 50.9044067
4.7720131 50.9045158
4.7720931 50.9046166
4.7722043 50.9047047
4.7723418 50.9047763
4.7724995 50.9048282
