4.532755 50.869225
4.533180 50.869223
4.533598 50.869221
4.534013 50.869221
4.534434 50.869220
4.534857 50.869218
4.535278 50.869217
4.535700 50.869217
4.536119 50.869218
4.536538 50.869219
4.536954 50.869219
4.537369 50.869220
4.537784 50.869220
4.538199 50.869222
4.538614 50.869219
4.539027 50.869215
4.539439 50.869214
4.539850 50.869213
4.540260 50.869215
4.540665 50.869213
4.541069 50.869214
4.541474 50.869212
4.541880 50.869209
4.542289 50.869210
4.542696 50.869207
4.543099 50.869206
4.543500 50.869205
4.543898 50.869201
4.544291 50.869196
4.544683 50.869191
4.545078 50.869190
4.545478 50.869193
4.545882 50.869198
4.546289 50.869201
4.546698 50.869195
4.547109 50.869189
4.547522 50.869182
4.547934 50.869177
4.548342 50.869168
4.548751 50.869158
4.549158 50.869149
4.549563 50.869140
4.549968 50.869128
4.550373 50.869115
4.550778 50.869102
4.551184 50.869089
4.551592 50.869078
4.551998 50.869065
4.552403 50.869050
4.552810 50.869034
4.553215 50.869014
4.553620 50.868995
4.554025 50.868977
4.554431 50.868958
4.554837 50.868937
4.555238 50.868916
4.555633 50.868896
4.556023 50.868874
4.556409 50.868851
4.556792 50.868827
4.557172 50.868801
4.557549 50.868778
4.557921 50.868753
4.558291 50.868728
4.558662 50.868700
4.559028 50.868666
4.559392 50.868635
4.559754 50.868601
4.560117 50.868570
4.560482 50.868539
4.560851 50.868507
4.561215 50.868476
4.561575 50.868442
4.561933 50.868408
4.562286 50.868373
4.562639 50.868342
4.562983 50.868312
4.563326 50.868281
4.563658 50.868248
4.563991 50.868215
4.564305 50.868182
4.564620 50.868149
4.564908 50.868116
4.565196 50.868083
4.565466 50.868052
4.565736 50.868022
4.565985 50.867993
4.566234 50.867965
4.566446 50.867940
4.566659 50.867915
4.566841 50.867895
4.567023 50.867875
4.567193 50.867856
4.567362 50.867837
4.567531 50.867818
4.567695 50.867798
4.567859 50.867777
4.568023 50.867756
4.568194 50.867733
4.568365 50.867710
4.568536 50.867688
4.568708 50.867664
4.568880 50.867640
4.569052 50.867616
4.569229 50.867593
4.569407 50.867570
4.569590 50.867547
4.569774 50.867523
4.569954 50.867497
4.570135 50.867471
4.570317 50.867447
4.570500 50.867423
4.570684 50.867397
4.570867 50.867371
4.571054 50.867346
4.571240 50.867321
4.571421 50.867294
4.571602 50.867266
4.571789 50.867239
4.571976 50.867211
4.572169 50.867183
4.572361 50.867155
4.572550 50.867127
4.572739 50.867098
4.572903 50.867073
4.573068 50.867048
4.573232 50.867023
4.573379 50.867000
4.573526 50.866978
4.573672 50.866956
4.573812 50.866937
4.573952 50.866918
4.574092 50.866898
4.574238 50.866876
4.574383 50.866853
4.574529 50.866831
4.574682 50.866807
4.574835 50.866784
4.574988 50.866760
4.575128 50.866738
4.575267 50.866715
4.575406 50.866692
4.575544 50.866670
4.575682 50.866648
4.575820 50.866625
4.575946 50.866606
4.576073 50.866586
4.576200 50.866567
4.576309 50.866549
4.576417 50.866530
4.576526 50.866512
4.576635 50.866494
4.576695 50.866485
4.576755 50.866476
4.576815 50.866467
4.576875 50.866458
4.576936 50.866448
4.576996 50.866439
4.577042 50.866433
4.577088 50.866426
4.577135 50.866419
4.577181 50.866412
4.577227 50.866406
4.577273 50.866399
4.577320 50.866392
4.577366 50.866385
4.577406 50.866376
4.577446 50.866368
4.577486 50.866359
4.577526 50.866350
4.577566 50.866342
4.577606 50.866333
4.577646 50.866324
4.577686 50.866315
4.577726 50.866307
4.577782 50.866298
4.577838 50.866289
4.577893 50.866280
4.577949 50.866271
4.578004 50.866262
4.578060 50.866253
4.578115 50.866244
4.578169 50.866235
4.578222 50.866226
4.578276 50.866216
4.578329 50.866207
4.578382 50.866198
4.578436 50.866188
4.578489 50.866179
4.578533 50.866172
4.578576 50.866165
4.578619 50.866159
4.578663 50.866152
4.578706 50.866145
4.578749 50.866139
4.578793 50.866132
4.578836 50.866125
4.578879 50.866118
4.578947 50.866108
4.579014 50.866097
4.579081 50.866086
4.579149 50.866076
4.579216 50.866065
4.579283 50.866054
4.579360 50.866043
4.579436 50.866032
4.579513 50.866020
4.579590 50.866009
4.579666 50.865997
4.579723 50.865988
4.579780 50.865979
4.579837 50.865970
4.579895 50.865961
4.579952 50.865952
4.580009 50.865943
4.580066 50.865934
4.580127 50.865924
4.580189 50.865913
4.580250 50.865903
4.580311 50.865893
4.580373 50.865882
4.580434 50.865872
4.580492 50.865860
4.580550 50.865848
4.580609 50.865835
4.580667 50.865823
4.580725 50.865811
4.580783 50.865799
4.580856 50.865788
4.580929 50.865777
4.581002 50.865766
4.581075 50.865755
4.581148 50.865745
4.581235 50.865730
4.581322 50.865716
4.581409 50.865701
4.581496 50.865687
4.581556 50.865677
4.581615 50.865666
4.581675 50.865656
4.581734 50.865646
4.581794 50.865635
4.581854 50.865625
4.581923 50.865614
4.581993 50.865603
4.582062 50.865591
4.582132 50.865580
4.582201 50.865569
4.582252 50.865559
4.582304 50.865550
4.582355 50.865541
4.582406 50.865532
4.582457 50.865523
4.582509 50.865513
4.582560 50.865504
4.582655 50.865489
4.582750 50.865474
4.582845 50.865459
4.582940 50.865444
4.583049 50.865428
4.583157 50.865411
4.583266 50.865395
4.583374 50.865378
4.583465 50.865364
4.583556 50.865349
4.583647 50.865334
4.583738 50.865320
4.583827 50.865305
4.583917 50.865291
4.584006 50.865277
4.584095 50.865262
4.584189 50.865246
4.584283 50.865231
4.584377 50.865215
4.584471 50.865200
4.584558 50.865184
4.584644 50.865169
4.584730 50.865154
4.584816 50.865138
4.584902 50.865123
4.585007 50.865106
4.585113 50.865088
4.585218 50.865071
4.585323 50.865053
4.585442 50.865032
4.585560 50.865012
4.585679 50.864991
4.585800 50.864971
4.585921 50.864951
4.586042 50.864931
4.586145 50.864914
4.586247 50.864897
4.586350 50.864881
4.586453 50.864864
4.586536 50.864851
4.586620 50.864838
4.586703 50.864825
4.586786 50.864812
4.586870 50.864799
4.586948 50.864786
4.587026 50.864773
4.587104 50.864760
4.587182 50.864747
4.587261 50.864734
4.587332 50.864722
4.587404 50.864710
4.587476 50.864697
4.587548 50.864685
4.587620 50.864673
4.587700 50.864660
4.587781 50.864646
4.587861 50.864633
4.587941 50.864619
4.588022 50.864606
4.588121 50.864589
4.588221 50.864573
4.588321 50.864556
4.588420 50.864539
4.588540 50.864521
4.588660 50.864503
4.588780 50.864485
4.588906 50.864463
4.589033 50.864441
4.589160 50.864420
4.589277 50.864401
4.589394 50.864382
4.589512 50.864363
4.589622 50.864343
4.589733 50.864324
4.589843 50.864304
4.589954 50.864285
4.590067 50.864266
4.590179 50.864247
4.590292 50.864228
4.590404 50.864209
4.590528 50.864189
4.590651 50.864170
4.590774 50.864150
4.590895 50.864129
4.591017 50.864108
4.591139 50.864087
4.591240 50.864070
4.591342 50.864053
4.591444 50.864036
4.591545 50.864019
4.591616 50.864007
4.591688 50.863996
4.591759 50.863984
4.591830 50.863973
4.591901 50.863961
4.591937 50.863955
4.591973 50.863949
4.592009 50.863943
4.592045 50.863937
4.592081 50.863931
4.592118 50.863925
4.592154 50.863919
4.592190 50.863913
4.592226 50.863907
4.592262 50.863900
4.592303 50.863893
4.592343 50.863886
4.592384 50.863879
4.592425 50.863871
4.592466 50.863864
4.592507 50.863857
4.592547 50.863849
4.592588 50.863842
4.592629 50.863835
4.592672 50.863827
4.592715 50.863820
4.592759 50.863813
4.592802 50.863805
4.592845 50.863798
4.592888 50.863791
4.592931 50.863783
4.592974 50.863776
4.593018 50.863768
4.593092 50.863756
4.593167 50.863744
4.593242 50.863731
4.593317 50.863719
4.593391 50.863706
4.593478 50.863692
4.593565 50.863678
4.593652 50.863664
4.593738 50.863649
4.593825 50.863635
4.593906 50.863623
4.593987 50.863611
4.594068 50.863599
4.594149 50.863587
4.594230 50.863575
4.594282 50.863566
4.594334 50.863557
4.594386 50.863549
4.594438 50.863540
4.594490 50.863532
4.594542 50.863523
4.594594 50.863515
4.594639 50.863507
4.594684 50.863499
4.594728 50.863491
4.594773 50.863483
4.594818 50.863475
4.594862 50.863468
4.594907 50.863460
4.594952 50.863452
4.594998 50.863444
4.595044 50.863437
4.595090 50.863429
4.595137 50.863422
4.595183 50.863414
4.595229 50.863407
4.595275 50.863399
4.595321 50.863391
4.595371 50.863383
4.595420 50.863374
4.595469 50.863365
4.595519 50.863356
4.595568 50.863348
4.595617 50.863339
4.595667 50.863330
4.595716 50.863321
4.595771 50.863312
4.595825 50.863303
4.595880 50.863293
4.595934 50.863284
4.595989 50.863275
4.596044 50.863265
4.596098 50.863256
4.596185 50.863241
4.596271 50.863227
4.596358 50.863212
4.596444 50.863197
4.596551 50.863180
4.596658 50.863163
4.596765 50.863146
4.596872 50.863129
4.596988 50.863112
4.597104 50.863094
4.597220 50.863076
4.597317 50.863060
4.597415 50.863044
4.597513 50.863028
4.597610 50.863011
4.597686 50.862998
4.597762 50.862985
4.597838 50.862972
4.597914 50.862959
4.597990 50.862946
4.598077 50.862931
4.598163 50.862917
4.598249 50.862902
4.598335 50.862888
4.598421 50.862873
4.598516 50.862857
4.598610 50.862841
4.598704 50.862825
4.598799 50.862809
4.598872 50.862798
4.598945 50.862787
4.599018 50.862776
4.599091 50.862765
4.599164 50.862754
4.599210 50.862746
4.599256 50.862739
4.599302 50.862731
4.599348 50.862723
4.599394 50.862715
4.599440 50.862707
4.599486 50.862700
4.599532 50.862692
4.599598 50.862681
4.599664 50.862669
4.599730 50.862658
4.599796 50.862647
4.599862 50.862636
4.599928 50.862625
4.599986 50.862614
4.600045 50.862604
4.600104 50.862594
4.600163 50.862583
4.600221 50.862573
4.600280 50.862563
4.600350 50.862551
4.600420 50.862540
4.600490 50.862529
4.600560 50.862518
4.600630 50.862507
4.600715 50.862492
4.600801 50.862476
4.600887 50.862461
4.600973 50.862446
4.601059 50.862431
4.601156 50.862415
4.601252 50.862399
4.601349 50.862383
4.601445 50.862367
4.601550 50.862350
4.601654 50.862334
4.601758 50.862318
4.601863 50.862302
4.601976 50.862284
4.602089 50.862266
4.602202 50.862248
4.602316 50.862230
4.602433 50.862210
4.602550 50.862191
4.602667 50.862171
4.602782 50.862152
4.602897 50.862134
4.603013 50.862116
4.603118 50.862099
4.603223 50.862083
4.603328 50.862067
4.603433 50.862051
4.603553 50.862030
4.603674 50.862009
4.603795 50.861988
4.603920 50.861967
4.604045 50.861946
4.604171 50.861925
4.604300 50.861907
4.604430 50.861888
4.604559 50.861870
4.604686 50.861851
4.604813 50.861832
4.604939 50.861813
4.605047 50.861798
4.605156 50.861782
4.605264 50.861767
4.605372 50.861752
4.605483 50.861735
4.605593 50.861719
4.605704 50.861702
4.605815 50.861685
4.605935 50.861667
4.606055 50.861648
4.606175 50.861630
4.606297 50.861612
4.606419 50.861594
4.606540 50.861576
4.606664 50.861558
4.606788 50.861540
4.606912 50.861523
4.607039 50.861506
4.607166 50.861490
4.607293 50.861473
4.607419 50.861457
4.607545 50.861441
4.607671 50.861424
4.607795 50.861407
4.607919 50.861390
4.608043 50.861373
4.608168 50.861356
4.608292 50.861340
4.608416 50.861323
4.608546 50.861306
4.608676 50.861289
4.608806 50.861272
4.608959 50.861252
4.609113 50.861231
4.609266 50.861211
4.609438 50.861191
4.609610 50.861171
4.609782 50.861151
4.609955 50.861130
4.610128 50.861109
4.610301 50.861088
4.610475 50.861064
4.610648 50.861041
4.610822 50.861017
4.610997 50.860993
4.611172 50.860970
4.611350 50.860947
4.611527 50.860923
4.611708 50.860897
4.611888 50.860872
4.612082 50.860843
4.612277 50.860814
4.612498 50.860782
4.612720 50.860751
4.612960 50.860718
4.613199 50.860684
4.613441 50.860651
4.613683 50.860617
4.613928 50.860585
4.614173 50.860552
4.614436 50.860518
4.614699 50.860483
4.614982 50.860442
4.615265 50.860402
4.615563 50.860354
4.615862 50.860307
4.616178 50.860264
4.616494 50.860222
4.616824 50.860175
4.617154 50.860128
4.617496 50.860074
4.617838 50.860020
4.618185 50.859965
4.618536 50.859913
4.618884 50.859859
4.619236 50.859805
4.619588 50.859751
4.619942 50.859698
4.620295 50.859647
4.620650 50.859599
4.621003 50.859552
4.621353 50.859506
4.621704 50.859461
4.622056 50.859414
4.622406 50.859366
4.622755 50.859317
4.623104 50.859269
4.623445 50.859223
4.623787 50.859177
4.624114 50.859133
4.624441 50.859090
4.624753 50.859048
4.625066 50.859005
4.625365 50.858965
4.625665 50.858924
4.625954 50.858885
4.626244 50.858846
4.626526 50.858807
4.626808 50.858767
4.627079 50.858729
4.627349 50.858692
4.627609 50.858656
4.627869 50.858620
4.628128 50.858584
4.628386 50.858547
4.628652 50.858507
4.628918 50.858467
4.629193 50.858423
4.629469 50.858380
4.629749 50.858334
4.630029 50.858288
4.630312 50.858244
4.630594 50.858200
4.630878 50.858158
4.631162 50.858115
4.631449 50.858074
4.631736 50.858033
4.632021 50.857991
4.632305 50.857949
4.632587 50.857908
4.632870 50.857867
4.633147 50.857826
4.633425 50.857785
4.633700 50.857748
4.633975 50.857710
4.634247 50.857670
4.634518 50.857630
4.634785 50.857587
4.635052 50.857544
4.635318 50.857492
4.635585 50.857440
4.635841 50.857365
4.636097 50.857290
4.636338 50.857191
4.636579 50.857092
4.636795 50.856972
4.637011 50.856852
4.637193 50.856717
4.637375 50.856582
4.637522 50.856433
4.637669 50.856285
4.637806 50.856139
4.637942 50.855993
4.638087 50.855857
4.638232 50.855720
4.638408 50.855601
4.638583 50.855483
4.638798 50.855396
4.639013 50.855310
4.639258 50.855274
4.639504 50.855237
4.639753 50.855267
4.640003 50.855297
4.640221 50.855388
4.640440 50.855480
4.640608 50.855614
4.640776 50.855749
4.640918 50.855918
4.641061 50.856088
4.641208 50.856276
4.641355 50.856465
4.641510 50.856656
4.641665 50.856846
4.641829 50.857034
4.641992 50.857222
4.642190 50.857427
4.642378 50.857622
4.642568 50.857811
4.642758 50.858000
4.642953 50.858191
4.643149 50.858381
4.643347 50.858569
4.643541 50.858751
4.643736 50.858932
4.643926 50.859113
4.644116 50.859293
4.644293 50.859478
4.644469 50.859663
4.644639 50.859850
4.644809 50.860036
4.644981 50.860225
4.645154 50.860413
4.645338 50.860598
4.645522 50.860783
4.645715 50.860972
4.645909 50.861161
4.646115 50.861359
4.646327 50.861558
4.646537 50.861757
4.646749 50.861957
4.646967 50.862157
4.647184 50.862354
4.647401 50.862549
4.647617 50.862750
4.647837 50.862950
4.648053 50.863154
4.648271 50.863356
4.648487 50.863557
4.648703 50.863757
4.648917 50.863959
4.649134 50.864158
4.649349 50.864357
4.649563 50.864556
4.649775 50.864751
4.649988 50.864944
4.650200 50.865139
4.650415 50.865333
4.650626 50.865530
4.650851 50.865719
4.651065 50.865913
4.651278 50.866113
4.651494 50.866308
4.651711 50.866506
4.651927 50.866706
4.652141 50.866905
4.652353 50.867105
4.652559 50.867306
4.652760 50.867505
4.652954 50.867701
4.653131 50.867897
4.653306 50.868095
4.653473 50.868296
4.653631 50.868503
4.653782 50.868714
4.653923 50.868925
4.654055 50.869140
4.654174 50.869359
4.654284 50.869577
4.654386 50.869797
4.654479 50.870015
4.654563 50.870237
4.654645 50.870458
4.654725 50.870677
4.654803 50.870896
4.654881 50.871116
4.654956 50.871334
4.655031 50.871551
4.655108 50.871765
4.655184 50.871979
4.655272 50.872190
4.655359 50.872401
4.655467 50.872608
4.655574 50.872815
4.655698 50.873021
4.655822 50.873228
4.655956 50.873438
4.656101 50.873646
4.656258 50.873854
4.656432 50.874059
4.656608 50.874260
4.656795 50.874458
4.656989 50.874653
4.657193 50.874845
4.657406 50.875031
4.657626 50.875215
4.657856 50.875393
4.658091 50.875568
4.658337 50.875737
4.658589 50.875902
4.658849 50.876061
4.659118 50.876215
4.659393 50.876367
4.659679 50.876513
4.659965 50.876652
4.660254 50.876783
4.660542 50.876905
4.660830 50.877026
4.661116 50.877135
4.661402 50.877244
4.661680 50.877341
4.661958 50.877439
4.662233 50.877531
4.662509 50.877622
4.662791 50.877716
4.663074 50.877810
4.663360 50.877905
4.663647 50.878001
4.663937 50.878097
4.664227 50.878193
4.664521 50.878291
4.664816 50.878389
4.665113 50.878490
4.665410 50.878591
4.665704 50.878703
4.665997 50.878815
4.666288 50.878935
4.666578 50.879055
4.666861 50.879185
4.667145 50.879315
4.667417 50.879453
4.667689 50.879590
4.667952 50.879736
4.668216 50.879882
4.668467 50.880040
4.668719 50.880199
4.668964 50.880363
4.669195 50.880532
4.669427 50.880700
4.669648 50.880877
4.669869 50.881053
4.670076 50.881236
4.670285 50.881418
4.670493 50.881600
4.670701 50.881788
4.670906 50.881987
4.671107 50.882198
4.671301 50.882421
4.671497 50.882653
4.671700 50.882893
4.671907 50.883137
4.672114 50.883382
4.672318 50.883628
4.672518 50.883876
4.672715 50.884127
4.672914 50.884379
4.673111 50.884633
4.673305 50.884889
4.673502 50.885146
4.673698 50.885403
4.673892 50.885660
4.674089 50.885919
4.674281 50.886169
4.674486 50.886433
4.674688 50.886691
4.674881 50.886943
4.675074 50.887195
4.675275 50.887449
4.675483 50.887699
4.675698 50.887951
4.675918 50.888200
4.676149 50.888444
4.676386 50.888685
4.676641 50.888923
4.676908 50.889156
4.677195 50.889384
4.677486 50.889609
4.677790 50.889830
4.678107 50.890043
4.678438 50.890248
4.678783 50.890446
4.679136 50.890637
4.679495 50.890823
4.679864 50.891002
4.680244 50.891176
4.680631 50.891343
4.681020 50.891508
4.681414 50.891668
4.681810 50.891828
4.682209 50.891986
4.682608 50.892140
4.683017 50.892292
4.683427 50.892443
4.683837 50.892595
4.684247 50.892747
4.684657 50.892898
4.685066 50.893049
4.685472 50.893200
4.685877 50.893349
4.686279 50.893497
4.686681 50.893646
4.687082 50.893794
4.687481 50.893943
4.687874 50.894088
4.688275 50.894237
4.688675 50.894385
4.689048 50.894528
4.689426 50.894672
4.689805 50.894814
4.690175 50.894962
4.690542 50.895117
4.690907 50.895278
4.691264 50.895444
4.691612 50.895617
4.691956 50.895796
4.692297 50.895981
4.692630 50.896175
4.692955 50.896375
4.693277 50.896582
4.693584 50.896793
4.693892 50.897005
4.694199 50.897216
4.694509 50.897430
4.694818 50.897646
4.695129 50.897858
4.695448 50.898077
4.695780 50.898303
4.696123 50.898538
4.696464 50.898769
4.696807 50.898997
4.697150 50.899228
4.697488 50.899461
4.697823 50.899688
4.698189 50.899912
4.698556 50.900129
4.698937 50.900339
4.699327 50.900545
4.699720 50.900743
4.700124 50.900935
4.700533 50.901108
4.700951 50.901270
4.701372 50.901425
4.701792 50.901580
4.702211 50.901735
4.702628 50.901888
4.703039 50.902039
4.703447 50.902190
4.703855 50.902342
4.704262 50.902488
4.704673 50.902636
4.705083 50.902785
4.705492 50.902935
4.705898 50.903086
4.706304 50.903236
4.706707 50.903386
4.707110 50.903534
4.707514 50.903685
4.707918 50.903836
4.708324 50.903986
4.708730 50.904137
4.709137 50.904287
4.709547 50.904438
4.709958 50.904592
4.710371 50.904746
4.710780 50.904903
4.711184 50.905062
4.711581 50.905226
4.711969 50.905400
4.712343 50.905583
4.712714 50.905775
4.713073 50.905978
4.713416 50.906189
4.713749 50.906409
4.714072 50.906636
4.714379 50.906871
4.714673 50.907114
4.714962 50.907360
4.715246 50.907609
4.715535 50.907857
4.715821 50.908103
4.716108 50.908352
4.716389 50.908600
4.716675 50.908845
4.716958 50.909093
4.717238 50.909337
4.717519 50.909579
4.717801 50.909820
4.718080 50.910064
4.718362 50.910310
4.718644 50.910558
4.718926 50.910801
4.719210 50.911044
4.719492 50.911289
4.719778 50.911533
4.720067 50.911777
4.720351 50.912018
4.720632 50.912256
4.720906 50.912495
4.721178 50.912733
4.721446 50.912963
4.721694 50.913194
4.721928 50.913416
4.722170 50.913637
4.722418 50.913859
4.722670 50.914077
4.722923 50.914294
4.723178 50.914511
4.723437 50.914732
4.723697 50.914954
4.723960 50.915180
4.724227 50.915411
4.724501 50.915646
4.724778 50.915885
4.725062 50.916129
4.725346 50.916377
4.725637 50.916623
4.725926 50.916876
4.726217 50.917125
4.726507 50.917376
4.726796 50.917627
4.727085 50.917877
4.727371 50.918125
4.727659 50.918372
4.727950 50.918616
4.728252 50.918857
4.728553 50.919100
4.728850 50.919343
4.729144 50.919583
4.729444 50.919819
4.729739 50.920056
4.730029 50.920295
4.730310 50.920532
4.730588 50.920770
4.730862 50.921002
4.731136 50.921234
4.731408 50.921463
4.731685 50.921699
4.731957 50.921936
4.732227 50.922173
4.732495 50.922411
4.732765 50.922650
4.733034 50.922883
4.733313 50.923122
4.733587 50.923357
4.733867 50.923595
4.734146 50.923835
4.734423 50.924073
4.734700 50.924310
4.734974 50.924548
4.735247 50.924781
4.735523 50.925021
4.735793 50.925256
4.736067 50.925492
4.736341 50.925726
4.736612 50.925956
4.736875 50.926179
4.737131 50.926394
4.737376 50.926603
4.737615 50.926808
4.737838 50.927001
4.738051 50.927185
4.738260 50.927365
4.738469 50.927546
4.738679 50.927724
4.738889 50.927901
4.739105 50.928073
4.739322 50.928245
4.739532 50.928415
4.739742 50.928585
4.739953 50.928765
4.740164 50.928945
4.740393 50.929136
4.740622 50.929332
4.740879 50.929545
4.741169 50.929778
4.741481 50.930022
4.741796 50.930252
4.742113 50.930466
4.742424 50.930669
4.742727 50.930855
4.743002 50.931022
4.743234 50.931155
4.743466 50.931288
4.743636 50.931385
4.743805 50.931481
4.743909 50.931539
4.744012 50.931597
4.744116 50.931655
4.744116 50.931655
4.744116 50.931655
4.744116 50.931655
4.744116 50.931655
4.744116 50.931655
4.744116 50.931655
4.744116 50.931655
4.744116 50.931655
4.744116 50.931655
4.744116 50.931655
4.744116 50.931655
4.744116 50.931655
4.744116 50.931655
4.744116 50.931655
4.744116 50.931655
4.744116 50.931655
4.744116 50.931655
4.744116 50.931655
4.744480 50.931651
4.744480 50.931651
4.744576 50.931550
4.744672 50.931449
4.744791 50.931315
4.744911 50.931181
4.745040 50.931037
4.745169 50.930893
4.745297 50.930746
4.745425 50.930598
4.745557 50.930446
4.745688 50.930295
4.745820 50.930146
4.745952 50.929997
4.746083 50.929849
4.746213 50.929701
4.746344 50.929554
4.746474 50.929408
4.746606 50.929264
4.746737 50.929121
4.746863 50.928973
4.746989 50.928826
4.747119 50.928681
4.747250 50.928536
4.747371 50.928375
4.747492 50.928214
4.747601 50.928054
4.747710 50.927894
4.747832 50.927743
4.747954 50.927592
4.748097 50.927445
4.748240 50.927298
4.748403 50.927158
4.748566 50.927019
4.748742 50.926887
4.748917 50.926755
4.749101 50.926630
4.749286 50.926505
4.749471 50.926381
4.749655 50.926257
4.749844 50.926136
4.750032 50.926016
4.750211 50.925893
4.750391 50.925771
4.750573 50.925650
4.750754 50.925529
4.750935 50.925409
4.751116 50.925289
4.751297 50.925168
4.751478 50.925046
4.751656 50.924926
4.751834 50.924807
4.751999 50.924680
4.752164 50.924552
4.752341 50.924434
4.752519 50.924315
4.752701 50.924206
4.752884 50.924096
4.753062 50.923984
4.753240 50.923871
4.753404 50.923760
4.753568 50.923648
4.753719 50.923545
4.753870 50.923442
4.754007 50.923352
4.754144 50.923262
4.754257 50.923188
4.754370 50.923114
4.754483 50.923040
4.754571 50.922988
4.754658 50.922935
4.754746 50.922882
4.754812 50.922840
4.754878 50.922797
4.754944 50.922755
4.755010 50.922712
4.755099 50.922645
4.755189 50.922578
4.755278 50.922512
4.755388 50.922433
4.755498 50.922354
4.755608 50.922275
4.755727 50.922195
4.755847 50.922115
4.755966 50.922035
4.756052 50.921966
4.756137 50.921897
4.756222 50.921828
4.756294 50.921769
4.756366 50.921710
4.756438 50.921652
4.756509 50.921593
4.756563 50.921526
4.756617 50.921460
4.756671 50.921393
4.756725 50.921326
4.756792 50.921269
4.756859 50.921212
4.756926 50.921156
4.756992 50.921099
4.757084 50.921033
4.757175 50.920968
4.757266 50.920903
4.757361 50.920838
4.757455 50.920772
4.757550 50.920707
4.757632 50.920648
4.757714 50.920589
4.757795 50.920529
4.757843 50.920494
4.757891 50.920459
4.757939 50.920423
4.757987 50.920388
4.758035 50.920352
4.758134 50.920308
4.758232 50.920263
4.758330 50.920218
4.758428 50.920160
4.758525 50.920103
4.758622 50.920045
4.758696 50.919971
4.758770 50.919897
4.758844 50.919822
4.758894 50.919746
4.758944 50.919670
4.758993 50.919595
4.759063 50.919507
4.759133 50.919419
4.759202 50.919332
4.759305 50.919201
4.759407 50.919070
4.759515 50.918932
4.759624 50.918795
4.759723 50.918661
4.759823 50.918528
4.759907 50.918414
4.759991 50.918299
4.760064 50.918200
4.760136 50.918100
4.760209 50.918001
4.760294 50.917888
4.760378 50.917776
4.760463 50.917662
4.760548 50.917549
4.760628 50.917443
4.760709 50.917338
4.760767 50.917269
4.760825 50.917199
4.760883 50.917130
4.760983 50.917140
4.761083 50.917150
4.761183 50.917160
4.761283 50.917170
4.761450 50.917192
4.761617 50.917214
4.761784 50.917237
4.761934 50.917222
4.762085 50.917208
4.762236 50.917194
4.762305 50.917118
4.762374 50.917043
4.762443 50.916967
4.762418 50.916857
4.762392 50.916747
4.762367 50.916637
4.762293 50.916513
4.762218 50.916388
4.762148 50.916265
4.762078 50.916142
4.761992 50.916049
4.761907 50.915955
4.761822 50.915861
4.761692 50.915752
4.761563 50.915643
4.761434 50.915532
4.761306 50.915421
4.761194 50.915324
4.761083 50.915227
4.761031 50.915151
4.760979 50.915075
4.760927 50.914999
4.760972 50.914903
4.761017 50.914808
4.761062 50.914713
4.761126 50.914590
4.761190 50.914467
4.761258 50.914334
4.761325 50.914202
4.761394 50.914073
4.761463 50.913944
4.761531 50.913818
4.761598 50.913692
4.761677 50.913571
4.761756 50.913451
4.761840 50.913335
4.761923 50.913219
4.761994 50.913104
4.762065 50.912989
4.762128 50.912892
4.762192 50.912795
4.762255 50.912699
4.762286 50.912640
4.762317 50.912581
4.762349 50.912521
4.762380 50.912462
4.762314 50.912445
4.762248 50.912427
4.762182 50.912410
4.762116 50.912392
4.762050 50.912374
4.761945 50.912366
4.761840 50.912357
4.761735 50.912348
4.761630 50.912340
4.761558 50.912330
4.761487 50.912321
4.761416 50.912312
4.761345 50.912303
4.761273 50.912293
4.761309 50.912236
4.761346 50.912179
4.761382 50.912121
4.761418 50.912064
4.761454 50.912006
4.761552 50.911946
4.761650 50.911886
4.761748 50.911826
4.761917 50.911772
4.762087 50.911718
4.762279 50.911656
4.762470 50.911594
4.762629 50.911539
4.762788 50.911485
4.762871 50.911417
4.762953 50.911350
4.763036 50.911282
4.763097 50.911172
4.763157 50.911063
4.763223 50.910938
4.763289 50.910814
4.763357 50.910683
4.763426 50.910553
4.763497 50.910418
4.763569 50.910283
4.763642 50.910146
4.763716 50.910009
4.763785 50.909876
4.763854 50.909743
4.763916 50.909620
4.763977 50.909497
4.764017 50.909382
4.764057 50.909267
4.764091 50.909161
4.764125 50.909055
4.764159 50.908950
4.764147 50.908850
4.764134 50.908751
4.764122 50.908652
4.764089 50.908574
4.764056 50.908497
4.764023 50.908419
4.764048 50.908386
4.764072 50.908352
4.764096 50.908319
4.764121 50.908285
4.764145 50.908252
4.764169 50.908218
4.764194 50.908185
4.764378 50.908132
4.764562 50.908080
4.764769 50.908025
4.764976 50.907970
4.765197 50.907920
4.765419 50.907869
4.765635 50.907807
4.765851 50.907745
4.766062 50.907684
4.766272 50.907623
4.766481 50.907567
4.766689 50.907510
4.766895 50.907453
4.767102 50.907396
4.767300 50.907340
4.767499 50.907285
4.767699 50.907229
4.767898 50.907174
4.768099 50.907119
4.768301 50.907064
4.768496 50.907003
4.768691 50.906941
4.768854 50.906877
4.769016 50.906814
4.769174 50.906745
4.769331 50.906676
4.769485 50.906601
4.769639 50.906527
4.769787 50.906444
4.769935 50.906360
4.770079 50.906275
4.770223 50.906189
4.770364 50.906098
4.770505 50.906006
4.770634 50.905910
4.770764 50.905814
4.770860 50.905741
4.770957 50.905667
4.771054 50.905594
4.771024 50.905550
4.770995 50.905505
4.770965 50.905461
4.770935 50.905417
4.770905 50.905372
4.770876 50.905328
4.770720 50.905257
4.770564 50.905185
4.770419 50.905115
4.770274 50.905045
4.770152 50.904990
4.770030 50.904934
4.769908 50.904879
4.769916 50.904825
4.769925 50.904772
4.769934 50.904719
4.769943 50.904665
4.769952 50.904612
4.770058 50.904522
4.770164 50.904432
4.770270 50.904342
4.770384 50.904250
4.770498 50.904159
4.770627 50.904096
4.770756 50.904032
4.770885 50.903969
4.771002 50.903944
4.771120 50.903919
4.771237 50.903894
4.771367 50.903897
4.771497 50.903901
4.771627 50.903904
4.771750 50.903930
4.771872 50.903957
4.771994 50.903983
4.772109 50.904025
4.772223 50.904066
4.772337 50.904107
4.772459 50.904153
4.772581 50.904199
4.772703 50.904245
